3.00283
3.00848
3.01414
3.01979
3.02544
3.03108
3.03673
3.04237
3.04801
3.05365
3.05929
3.06492
3.07055
3.07618
3.08181
3.08744
3.09306
3.09869
3.10431
3.10993
3.11554
3.12116
3.12677
3.13238
3.13799
 3.1436
 3.1492
 3.1548
 3.1604
  3.166
 3.1716
3.17719
3.18279
3.18838
3.19396
3.19955
3.20513
3.21072
 3.2163
3.22187
3.22745
3.23302
 3.2386
3.24417
3.24973
 3.2553
3.26086
3.26642
3.27198
3.27754
 3.2831
3.28865
 3.2942
3.29975
 3.3053
3.31084
3.31639
3.32193
3.32747
  3.333
3.33854
3.34407
 3.3496
3.35513
3.36066
3.36618
 3.3717
3.37723
3.38274
3.38826
3.39377
3.39929
 3.4048
 3.4103
3.41581
3.42131
3.42681
3.43231
3.43781
3.44331
 3.4488
3.45429
3.45978
3.46527
3.47075
3.47624
3.48172
3.48719
3.49267
3.49815
3.50362
3.50909
3.51456
3.52002
3.52549
3.53095
3.53641
3.54187
3.54732
3.55277
3.55823
3.56367
3.56912
3.57457
3.58001
3.58545
3.59089
3.59632
3.60176
3.60719
3.61262
3.61805
3.62347
 3.6289
3.63432
3.63974
3.64516
3.65057
3.65598
3.66139
 3.6668
3.67221
3.67761
3.68302
3.68842
3.69381
3.69921
 3.7046
   3.71
3.71538
3.72077
3.72616
3.73154
3.73692
 3.7423
3.74767
3.75305
3.75842
3.76379
3.76916
3.77452
3.77989
3.78525
3.79061
3.79596
3.80132
3.80667
3.81202
3.81737
3.82272
3.82806
 3.8334
3.83874
3.84408
3.84941
3.85475
3.86008
 3.8654
3.87073
3.87605
3.88138
 3.8867
3.89201
3.89733
3.90264
3.90795
3.91326
3.91857
3.92387
3.92917
3.93447
3.93977
3.94507
3.95036
3.95565
3.96094
3.96623
3.97151
3.97679
3.98207
3.98735
3.99262
 3.9979
4.00317
4.00844
 4.0137
4.01897
4.02423
4.02949
4.03475
   4.04
4.04526
4.05051
4.05575
  4.061
4.06624
4.07149
4.07673
4.08196
 4.0872
4.09243
4.09766
4.10289
4.10812
4.11334
4.11856
4.12378
  4.129
4.13421
4.13942
4.14463
4.14984
4.15505
4.16025
4.16545
4.17065
4.17585
4.18104
4.18623
4.19142
4.19661
4.20179
4.20698
4.21216
4.21733
4.22251
4.22768
4.23285
4.23802
4.24319
4.24835
4.25352
4.25868
4.26383
4.26899
4.27414
4.27929
4.28444
4.28958
4.29473
4.29987
4.30501
4.31014
4.31528
4.32041
4.32554
4.33067
4.33579
4.34091
4.34603
4.35115
4.35627
4.36138
4.36649
 4.3716
 4.3767
4.38181
4.38691
4.39201
 4.3971
 4.4022
4.40729
4.41238
4.41747
4.42255
4.42763
4.43271
4.43779
4.44287
4.44794
4.45301
4.45808
4.46314
4.46821
4.47327
4.47833
4.48338
4.48844
4.49349
4.49854
4.50358
4.50863
4.51367
4.51871
4.52375
4.52878
4.53381
4.53884
4.54387
 4.5489
4.55392
4.55894
4.56396
4.56897
4.57398
4.57899
  4.584
4.58901
4.59401
4.59901
4.60401
4.60901
  4.614
4.61899
4.62398
4.62896
4.63395
4.63893
4.64391
4.64888
4.65386
4.65883
 4.6638
4.66876
4.67373
4.67869
4.68365
 4.6886
4.69356
4.69851
4.70346
4.70841
4.71335
4.71829
4.72323
4.72817
 4.7331
4.73803
4.74296
4.74789
4.75281
4.75773
4.76265
4.76757
4.77248
 4.7774
4.78231
4.78721
4.79212
4.79702
4.80192
4.80681
4.81171
 4.8166
4.82149
4.82637
4.83126
4.83614
4.84102
4.84589
4.85077
4.85564
4.86051
4.86537
4.87024
 4.8751
4.87995
4.88481
4.88966
4.89452
4.89936
4.90422
4.90903
4.91391
4.91869
4.92361
4.92833
 4.9333
4.93792
4.94302
4.94745
4.95276
 4.9569
4.96254
4.96626
4.97237
4.97554
4.98227
4.98483
4.99224
4.99421
5.00228
5.00378
5.01241
5.01354
5.02262
5.02348
5.03291
5.03358
5.04328
 5.0438
5.05372
5.05414
5.06423
5.06458
5.07481
 5.0751
5.08545
5.08569
5.09615
5.09636
5.10691
5.10709
5.11772
5.11788
5.12859
5.12873
 5.1395
5.13963
5.15047
5.15058
5.16148
5.16159
5.17254
5.17263
5.18364
5.18373
5.19478
5.19486
5.20596
5.20604
5.21718
5.21725
5.22844
 5.2285
5.23973
5.23979
5.25105
5.25111
5.26241
5.26246
 5.2738
5.27385
5.28523
5.28527
5.29668
5.29672
5.30816
 5.3082
5.31966
 5.3197
 5.3312
5.33123
5.34275
5.34279
5.35434
5.35437
5.36594
5.36598
5.37757
 5.3776
5.38923
5.38925
 5.4009
5.40093
5.41259
5.41262
 5.4243
5.42433
5.43603
5.43606
5.44778
 5.4478
5.45954
5.45956
5.47132
5.47134
5.48312
5.48314
5.49493
5.49495
5.50675
5.50677
5.51858
 5.5186
5.53043
5.53045
5.54229
5.54231
5.55416
5.55418
5.56604
5.56605
5.57793
5.57794
5.58982
5.58984
5.60173
5.60174
5.61364
5.61365
5.62556
5.62557
5.63748
5.63749
5.64941
5.64942
5.66134
5.66135
5.67328
5.67329
5.68521
5.68523
5.69715
5.69717
 5.7091
5.70911
5.72104
5.72105
5.73298
5.73299
5.74493
5.74494
5.75687
5.75688
5.76881
5.76882
5.78074
5.78075
5.79268
5.79269
5.80461
5.80462
5.81653
5.81654
5.82845
5.82846
5.84037
5.84037
5.85227
5.85228
5.86418
5.86418
5.87607
5.87608
5.88795
5.88796
5.89983
5.89984
 5.9117
 5.9117
5.92355
5.92356
 5.9354
 5.9354
5.94723
5.94724
5.95905
5.95906
5.97086
5.97087
5.98266
5.98266
5.99444
5.99444
 6.0062
6.00621
6.01795
6.01796
6.02969
6.02969
6.04141
6.04141
6.05311
6.05311
6.06479
6.06479
6.07645
6.07646
 6.0881
 6.0881
6.09972
6.09973
6.11133
6.11133
6.12291
6.12292
6.13447
6.13448
6.14601
6.14602
6.15753
6.15754
6.16902
6.16903
6.18049
 6.1805
6.19194
6.19194
6.20335
6.20336
6.21475
6.21475
6.22611
6.22611
6.23745
6.23745
6.24876
6.24876
6.26004
6.26004
6.27129
6.27129
6.28251
6.28251
 6.2937
 6.2937
6.30485
6.30486
6.31598
6.31598
6.32707
6.32708
6.33813
6.33813
6.34916
6.34916
6.36015
6.36015
 6.3711
 6.3711
6.38202
6.38202
 6.3929
 6.3929
6.40374
6.40375
6.41455
6.41455
6.42531
6.42532
6.43604
6.43604
6.44673
6.44673
6.45737
6.45737
6.46797
6.46797
6.47853
6.47853
6.48905
6.48905
6.49952
6.49952
6.50995
6.50995
6.52033
6.52033
6.53066
6.53066
6.54095
6.54095
6.55119
6.55119
6.56138
6.56138
6.57152
6.57152
6.58161
6.58161
6.59164
6.59164
6.60163
6.60163
6.61156
6.61156
6.62144
6.62144
6.63126
6.63126
6.64103
6.64103
6.65074
6.65074
6.66039
6.66039
6.66998
6.66999
6.67952
6.67952
6.68899
6.68899
 6.6984
 6.6984
6.70775
6.70775
6.71703
6.71703
6.72625
6.72625
 6.7354
 6.7354
6.74449
6.74449
 6.7535
 6.7535
6.76244
6.76245
6.77132
6.77132
6.78012
6.78012
6.78884
6.78884
6.79749
6.79749
6.80606
6.80606
6.81455
6.81456
6.82297
6.82297
6.83129
6.83129
6.83954
6.83954
6.84769
6.84769
6.85576
6.85576
6.86373
6.86373
6.87161
6.87162
 6.8794
 6.8794
6.88708
6.88708
6.89467
6.89467
6.90214
6.90214
6.90951
6.90951
6.91676
6.91676
6.92389
6.92389
 6.9309
 6.9309
6.93777
6.93777
6.94451
6.94451
6.95111
6.95111
6.95755
6.95755
6.96383
6.96383
6.96992
6.96992
6.97582
6.97582
6.98149
6.98149
 6.9869
 6.9869
6.99198
  6.992
6.99653
6.99674
7.00009
7.00124
7.00369
7.00584
7.00828
7.01079
 7.0134
7.01609
7.01885
7.02168
7.02457
7.02752
7.03053
7.03358
7.03669
7.03985
7.04305
 7.0463
7.04959
7.05292
 7.0563
7.05971
7.06317
7.06667
 7.0702
7.07377
7.07738
7.08102
7.08471
7.08842
7.09217
7.09596
7.09978
7.10363
7.10752
7.11144
7.11539
7.11938
 7.1234
7.12745
7.13153
7.13565
7.13979
7.14397
7.14818
7.15242
7.15669
7.16099
7.16533
7.16969
7.17408
7.17851
7.18297
7.18745
7.19197
7.19651
7.20109
 7.2057
7.21034
  7.215
 7.2197
7.22443
7.22919
7.23398
 7.2388
7.24365
7.24853
7.25343
7.25838
7.26334
7.26835
7.27338
7.27844
7.28353
7.28865
7.29381
7.29899
7.30421
7.30945
7.31473
7.32004
7.32538
7.33075
7.33615
7.34158
7.34705
7.35255
7.35807
7.36364
7.36923
7.37486
7.38051
 7.3862
7.39193
7.39768
7.40347
7.40929
7.41515
7.42104
7.42696
7.43292
7.43891
7.44494
7.45099
7.45709
7.46322
7.46938
7.47558
7.48182
7.48809
 7.4944
7.50074
7.50712
7.51354
7.51999
7.52648
7.53302
7.53958
7.54619
7.55283
7.55952
7.56624
  7.573
 7.5798
7.58664
7.59352
7.60045
7.60741
7.61442
7.62146
7.62856
7.63569
7.64287
7.65008
7.65735
7.66466
7.67201
7.67941
7.68686
7.69434
7.70188
7.70946
 7.7171
7.72478
7.73251
7.74029
7.74812
  7.756
7.76394
7.77192
7.77996
7.78804
7.79619
7.80439
7.81265
7.82095
7.82932
7.83774
7.84623
7.85477
7.86338
7.87204
7.88077
7.88956
7.89842
7.90733
7.91632
7.92537
7.93449
7.94368
7.95294
7.96227
7.97168
7.98115
7.99072
8.00034
8.01007
8.01985
8.02973
8.03968
8.04974
8.05986
8.07009
8.08039
 8.0908
8.10129
 8.1119
8.12258
8.13339
8.14428
8.15531
8.16641
8.17766
  8.189
8.20049
8.21206
 8.2238
8.23563
8.24763
8.25974
8.27203
8.28442
8.29701
8.30972
8.32264
8.33568
8.34895
8.36235
  8.376
 8.3898
8.40387
8.41809
8.43262
8.44731
8.46235
8.47757
8.49318
8.50899
8.52523
8.54171
8.55869
8.57594
8.59377
8.61192
8.63078
8.65001
8.67012
8.69069
8.71239
 8.7347
8.75855
8.78326
 8.8103
8.83872
8.87148
8.90721
8.95939