  -0.699328
  -0.694863
  -0.690403
  -0.685949
  -0.681501
  -0.677058
  -0.672622
  -0.668191
  -0.663766
  -0.659346
  -0.654933
  -0.650525
  -0.646124
  -0.641728
  -0.637339
  -0.632955
  -0.628577
  -0.624205
   -0.61984
   -0.61548
  -0.611127
   -0.60678
  -0.602438
  -0.598104
  -0.593775
  -0.589452
  -0.585136
  -0.580826
  -0.576522
  -0.572225
  -0.567934
  -0.563649
  -0.559371
    -0.5551
  -0.550834
  -0.546576
  -0.542323
  -0.538078
  -0.533839
  -0.529606
  -0.525381
  -0.521162
  -0.516949
  -0.512744
  -0.508545
  -0.504353
  -0.500168
  -0.495989
  -0.491818
  -0.487654
  -0.483496
  -0.479346
  -0.475202
  -0.471066
  -0.466937
  -0.462815
    -0.4587
  -0.454592
  -0.450492
  -0.446399
  -0.442313
  -0.438234
  -0.434163
    -0.4301
  -0.426044
  -0.421995
  -0.417954
  -0.413921
  -0.409895
  -0.405877
  -0.401867
  -0.397864
   -0.39387
  -0.389883
  -0.385904
  -0.381933
   -0.37797
  -0.374016
  -0.370069
   -0.36613
    -0.3622
  -0.358278
  -0.354364
  -0.350458
  -0.346561
  -0.342673
  -0.338792
  -0.334921
  -0.331058
  -0.327204
  -0.323358
  -0.319521
  -0.315693
  -0.311874
  -0.308064
  -0.304263
  -0.300471
  -0.296689
  -0.292915
  -0.289151
  -0.285396
   -0.28165
  -0.277914
  -0.274188
  -0.270471
  -0.266764
  -0.263067
  -0.259379
  -0.255701
  -0.252034
  -0.248376
  -0.244729
  -0.241092
  -0.237465
  -0.233849
  -0.230243
  -0.226648
  -0.223064
   -0.21949
  -0.215927
  -0.212375
  -0.208834
  -0.205305
  -0.201787
   -0.19828
  -0.194784
  -0.191301
  -0.187829
  -0.184368
   -0.18092
  -0.177484
   -0.17406
  -0.170649
   -0.16725
  -0.163863
   -0.16049
  -0.157129
  -0.153781
  -0.150447
  -0.147126
  -0.143819
  -0.140525
  -0.137245
  -0.133979
  -0.130728
  -0.127491
  -0.124268
   -0.12106
  -0.117868
  -0.114691
  -0.111529
  -0.108383
  -0.105253
   -0.10214
 -0.0990425
 -0.0959622
 -0.0928991
 -0.0898533
 -0.0868253
 -0.0838154
  -0.080824
 -0.0778513
 -0.0748979
 -0.0719641
 -0.0690503
 -0.0661571
 -0.0632849
 -0.0604342
 -0.0576057
 -0.0547998
 -0.0520173
 -0.0492589
 -0.0465252
 -0.0438172
 -0.0411356
 -0.0384815
 -0.0358559
 -0.0332601
 -0.0306952
 -0.0281628
 -0.0256646
 -0.0232024
 -0.0207785
 -0.0183955
 -0.0160565
 -0.0137652
 -0.0115265
-0.00934672
-0.00723458
-0.00520369
-0.00327828
-0.00149987
0.000129652
 0.00177781
 0.00358667
 0.00553808
 0.00759312
 0.00973013
  0.0119368
   0.014205
  0.0165289
   0.018904
  0.0213268
  0.0237945
  0.0263046
   0.028855
  0.0314441
  0.0340702
  0.0367321
  0.0394286
  0.0421585
  0.0449209
   0.047715
    0.05054
  0.0533951
  0.0562797
  0.0591932
   0.062135
  0.0651047
  0.0681016
  0.0711254
  0.0741757
   0.077252
   0.080354
  0.0834814
  0.0866338
  0.0898108
  0.0930123
  0.0962379
  0.0994874
   0.102761
   0.106057
   0.109377
   0.112719
   0.116085
   0.119473
   0.122883
   0.126316
    0.12977
   0.133246
   0.136745
   0.140264
   0.143805
   0.147368
   0.150951
   0.154556
   0.158181
   0.161827
   0.165494
   0.169181
   0.172889
   0.176617
   0.180365
   0.184134
   0.187923
   0.191731
   0.195559
   0.199408
   0.203275
   0.207163
    0.21107
   0.214997
   0.218943
   0.222908
   0.226892
   0.230896
   0.234919
   0.238961
   0.243022
   0.247102
   0.251201
   0.255319
   0.259455
    0.26361
   0.267784
   0.271977
   0.276188
   0.280418
   0.284666
   0.288932
   0.293217
   0.297521
   0.301843
   0.306183
   0.310541
   0.314917
   0.319312
   0.323725
   0.328156
   0.332605
   0.337072
   0.341557
   0.346059
    0.35058
   0.355119
   0.359676
    0.36425
   0.368842
   0.373452
    0.37808
   0.382726
   0.387389
    0.39207
   0.396768
   0.401484
   0.406218
   0.410969
   0.415738
   0.420524
   0.425328
   0.430149
   0.434988
   0.439844
   0.444718
   0.449609
   0.454517
   0.459443
   0.464386
   0.469346
   0.474324
   0.479319
   0.484331
    0.48936
   0.494407
   0.499471
   0.504552
    0.50965
   0.514766
   0.519898
   0.525048
   0.530214
   0.535398
   0.540599
   0.545817
   0.551052
   0.556304
   0.561573
   0.566859
   0.572163
   0.577483
    0.58282
   0.588174
   0.593545
   0.598933
   0.604337
   0.609759
   0.615198
   0.620653
   0.626126
   0.631615
   0.637121
   0.642644
   0.648184
    0.65374
   0.659314
   0.664904
   0.670511
   0.676135
   0.681776
   0.687433
   0.693107
   0.698798
   0.704505
    0.71023
   0.715971
   0.721729
   0.727503
   0.733294
   0.739102
   0.744927
   0.750768
   0.756626
     0.7625
   0.768391
   0.774299
   0.780224
   0.786165
   0.792122
   0.798097
   0.804087
   0.810095
   0.816119
    0.82216
   0.828217
   0.834291
   0.840381
   0.846488
   0.852612
   0.858752
   0.864908
   0.871082
   0.877271
   0.883477
     0.8897
   0.895939
   0.902195
   0.908467
   0.914756
   0.921061
   0.927383
   0.933721
   0.940076
   0.946447
   0.952835
   0.959239
   0.965659
   0.972096
    0.97855
    0.98502
   0.991506
   0.998009
    1.00453
    1.01106
    1.01762
    1.02418
    1.03077
    1.03737
    1.04399
    1.05062
    1.05727
    1.06394
    1.07062
    1.07732
    1.08404
    1.09077
    1.09752
    1.10428
    1.11107
    1.11786
    1.12468
    1.13151
    1.13836
    1.14522
     1.1521
    1.15899
    1.16591
    1.17283
    1.17978
    1.18674
    1.19372
    1.20071
    1.20772
    1.21475
    1.22179
    1.22885
    1.23592
      1.243
    1.25009
    1.25718
    1.26426
    1.27134
    1.27845
    1.28562
    1.29294
    1.30042
    1.30815
    1.31606
    1.32421
    1.33254
    1.34108
    1.34979
     1.3587
    1.36777
    1.37705
    1.38648
    1.39614
    1.40594
    1.41597
    1.42615
    1.43659
    1.44717
    1.45803
    1.46904
    1.48035
    1.49182
    1.50361
    1.51559
    1.52791
    1.54043
    1.55333
    1.56646
    1.58002
    1.59383
    1.60813
    1.62272
    1.63788
    1.65338
    1.66955
    1.68612
    1.70353
    1.72142
    1.74038
    1.75997
    1.78102
    1.80294
    1.82707
    1.85256
    1.88214
    1.91461
    1.96244
    5.00253
    5.00758
    5.01261
    5.01764
    5.02265
    5.02765
    5.03264
    5.03761
    5.04258
    5.04753
    5.05247
     5.0574
    5.06232
    5.06722
    5.07212
      5.077
    5.08187
    5.08673
    5.09157
    5.09641
    5.10123
    5.10604
    5.11084
    5.11562
     5.1204
    5.12516
    5.12991
    5.13465
    5.13938
    5.14409
    5.14879
    5.15348
    5.15816
    5.16283
    5.16748
    5.17212
    5.17675
    5.18137
    5.18598
    5.19057
    5.19515
    5.19972
    5.20428
    5.20882
    5.21336
    5.21788
    5.22239
    5.22688
    5.23137
    5.23584
     5.2403
    5.24474
    5.24918
     5.2536
    5.25801
    5.26241
    5.26679
    5.27116
    5.27552
    5.27987
    5.28421
    5.28853
    5.29284
    5.29714
    5.30142
    5.30569
    5.30995
     5.3142
    5.31843
    5.32265
    5.32686
    5.33106
    5.33524
    5.33941
    5.34357
    5.34771
    5.35184
    5.35596
    5.36006
    5.36416
    5.36823
     5.3723
    5.37635
    5.38039
    5.38442
    5.38843
    5.39243
    5.39641
    5.40039
    5.40434
    5.40829
    5.41222
    5.41614
    5.42004
    5.42393
    5.42781
    5.43167
    5.43552
    5.43936
    5.44318
    5.44698
    5.45078
    5.45455
    5.45832
    5.46207
     5.4658
    5.46952
    5.47323
    5.47692
     5.4806
    5.48426
    5.48791
    5.49154
    5.49516
    5.49876
    5.50235
    5.50592
    5.50948
    5.51302
    5.51655
    5.52006
    5.52355
    5.52703
    5.53049
    5.53394
    5.53737
    5.54079
    5.54418
    5.54757
    5.55093
    5.55428
    5.55761
    5.56092
    5.56422
     5.5675
    5.57076
    5.57401
    5.57724
    5.58044
    5.58363
    5.58681
    5.58996
    5.59309
    5.59621
    5.59931
    5.60238
    5.60544
    5.60848
     5.6115
    5.61449
    5.61747
    5.62042
    5.62336
    5.62627
    5.62916
    5.63203
    5.63487
    5.63769
    5.64049
    5.64326
    5.64601
    5.64873
    5.65143
     5.6541
    5.65674
    5.65936
    5.66194
     5.6645
    5.66702
    5.66952
    5.67198
    5.67441
     5.6768
    5.67915
    5.68146
    5.68373
    5.68596
    5.68814
    5.69026
    5.69233
    5.69433
    5.69625
    5.69808
    5.69977
     5.7013
    5.70279
    5.70443
    5.70621
    5.70811
    5.71009
    5.71214
    5.71426
    5.71643
    5.71865
    5.72092
    5.72324
     5.7256
      5.728
    5.73044
    5.73292
    5.73544
    5.73799
    5.74057
    5.74318
    5.74583
    5.74851
    5.75122
    5.75396
    5.75673
    5.75952
    5.76235
     5.7652
    5.76808
    5.77099
    5.77392
    5.77688
    5.77986
    5.78287
     5.7859
    5.78896
    5.79205
    5.79515
    5.79829
    5.80144
    5.80462
    5.80782
    5.81104
    5.81429
    5.81756
    5.82085
    5.82417
     5.8275
    5.83086
    5.83424
    5.83764
    5.84106
    5.84451
    5.84797
    5.85146
    5.85496
    5.85849
    5.86204
    5.86561
     5.8692
    5.87281
    5.87644
    5.88009
    5.88376
    5.88745
    5.89116
    5.89489
    5.89864
    5.90241
     5.9062
    5.91001
    5.91384
    5.91769
    5.92155
    5.92544
    5.92934
    5.93327
    5.93721
    5.94117
    5.94516
    5.94916
    5.95317
    5.95721
    5.96127
    5.96534
    5.96944
    5.97355
    5.97768
    5.98183
      5.986
    5.99019
    5.99439
    5.99862
    6.00286
    6.00712
    6.01139
    6.01569
       6.02
    6.02434
    6.02869
    6.03306
    6.03744
    6.04185
    6.04627
    6.05071
    6.05517
    6.05964
    6.06414
    6.06865
    6.07318
    6.07772
    6.08229
    6.08687
    6.09147
    6.09609
    6.10073
    6.10538
    6.11005
    6.11474
    6.11944
    6.12417
    6.12891
    6.13366
    6.13844
    6.14323
    6.14804
    6.15287
    6.15771
    6.16258
    6.16746
    6.17235
    6.17727
     6.1822
    6.18715
    6.19211
    6.19709
    6.20209
    6.20711
    6.21215
     6.2172
    6.22227
    6.22735
    6.23246
    6.23758
    6.24271
    6.24787
    6.25304
    6.25823
    6.26343
    6.26865
    6.27389
    6.27915
    6.28442
    6.28971
    6.29502
    6.30034
    6.30568
    6.31104
    6.31642
    6.32181
    6.32722
    6.33264
    6.33808
    6.34354
    6.34902
    6.35451
    6.36002
    6.36554
    6.37109
    6.37665
    6.38222
    6.38782
    6.39343
    6.39905
     6.4047
    6.41036
    6.41603
    6.42173
    6.42744
    6.43316
    6.43891
    6.44467
    6.45045
    6.45624
    6.46205
    6.46788
    6.47372
    6.47958
    6.48546
    6.49135
    6.49726
    6.50319
    6.50913
    6.51509
    6.52107
    6.52706
    6.53307
     6.5391
    6.54514
     6.5512
    6.55727
    6.56337
    6.56947
     6.5756
    6.58174
     6.5879
    6.59408
    6.60027
    6.60647
     6.6127
    6.61894
     6.6252
    6.63147
    6.63776
    6.64407
    6.65039
    6.65673
    6.66309
    6.66946
    6.67585
    6.68226
    6.68868
    6.69512
    6.70157
    6.70804
    6.71453
    6.72103
    6.72755
    6.73409
    6.74065
    6.74721
     6.7538
     6.7604
    6.76702
    6.77366
    6.78031
    6.78698
    6.79366
    6.80036
    6.80708
    6.81381
    6.82056
    6.82733
    6.83411
    6.84091
    6.84773
    6.85456
    6.86141
    6.86827
    6.87515
    6.88205
    6.88896
    6.89589
    6.90284
     6.9098
    6.91678
    6.92377
    6.93078
    6.93779
    6.94482
    6.95186
    6.95889
    6.96592
    6.97297
    6.98003
    6.98718
    6.99444
    7.00187
    7.00946
    7.01726
    7.02521
    7.03335
    7.04163
     7.0501
    7.05869
    7.06747
    7.07636
    7.08545
    7.09465
    7.10404
    7.11355
    7.12326
    7.13309
    7.14314
    7.15331
     7.1637
    7.17423
      7.185
    7.19591
    7.20707
    7.21839
    7.22999
    7.24175
    7.25383
    7.26608
    7.27868
    7.29147
    7.30465
    7.31806
    7.33191
    7.34601
    7.36063
    7.37554
    7.39108
    7.40695
     7.4236
    7.44066
    7.45872
    7.47731
    7.49725
    7.51794
    7.54067
    7.56459
    7.59228
    7.62253
    7.66694