   -0.136835
   -0.132174
   -0.127521
   -0.122876
    -0.11824
   -0.113612
   -0.108993
   -0.104383
  -0.0997818
  -0.0951893
  -0.0906059
  -0.0860316
  -0.0814664
  -0.0769106
  -0.0723641
  -0.0678272
  -0.0632999
  -0.0587822
  -0.0542744
  -0.0497765
  -0.0452887
  -0.0408111
  -0.0363437
  -0.0318868
  -0.0274404
  -0.0230046
  -0.0185797
  -0.0141657
 -0.00976278
 -0.00537108
-0.000990747
  0.00337807
  0.00773521
   0.0120805
   0.0164138
    0.020735
   0.0250438
   0.0293401
   0.0336237
   0.0378944
   0.0421521
   0.0463965
   0.0506274
   0.0548446
   0.0590479
   0.0632371
   0.0674119
    0.071572
   0.0757174
   0.0798476
   0.0839625
   0.0880616
   0.0921449
   0.0962119
    0.100262
    0.104296
    0.108312
    0.112311
    0.116292
    0.120255
    0.124199
    0.128124
    0.132029
    0.135915
     0.13978
    0.143624
    0.147447
    0.151248
    0.155026
    0.158781
    0.162512
    0.166219
    0.169901
    0.173556
    0.177185
    0.180786
    0.184359
    0.187901
    0.191414
    0.194894
    0.198341
    0.201753
    0.205129
    0.208467
    0.211765
    0.215021
    0.218233
    0.221397
     0.22451
    0.227569
    0.230569
    0.233504
    0.236365
     0.23915
    0.241818
    0.244444
    0.246667
    0.249403
    0.250448
    0.254331
    0.254497
    0.259593
    0.259607
     0.26527
    0.265271
    0.271308
    0.271308
    0.277657
    0.277657
    0.284283
    0.284283
    0.291162
    0.291162
    0.298278
    0.298278
    0.305616
    0.305616
    0.313168
    0.313168
    0.320925
    0.320925
     0.32888
     0.32888
    0.337028
    0.337028
    0.345363
    0.345363
    0.353882
    0.353882
    0.362581
    0.362581
    0.371456
    0.371456
    0.380506
    0.380506
    0.389728
    0.389728
    0.399119
    0.399119
    0.408678
    0.408678
    0.418404
    0.418404
    0.428293
    0.428293
    0.438346
    0.438346
     0.44856
     0.44856
    0.458935
    0.458935
     0.46947
     0.46947
    0.480163
    0.480163
    0.491014
    0.491014
    0.502022
    0.502022
    0.513186
    0.513186
    0.524506
    0.524506
     0.53598
     0.53598
    0.547609
    0.547609
    0.559391
    0.559391
    0.571326
    0.571326
    0.583414
    0.583414
    0.595655
    0.595655
    0.608047
    0.608047
     0.62059
     0.62059
    0.633285
    0.633285
    0.646131
    0.646131
    0.659126
    0.659126
    0.672272
    0.672272
    0.685568
    0.685568
    0.699014
    0.699014
    0.712608
    0.712608
    0.726352
    0.726352
    0.740245
    0.740245
    0.754286
    0.754286
    0.768475
    0.768475
    0.782813
    0.782813
      0.7973
      0.7973
    0.811933
    0.811933
    0.826715
    0.826715
    0.841645
    0.841645
    0.856721
    0.856721
    0.871945
    0.871945
    0.887317
    0.887317
    0.902835
    0.902835
    0.918501
    0.918501
    0.934313
    0.934313
    0.950272
    0.950272
    0.966377
    0.966377
    0.982629
    0.982629
    0.999028
    0.999028
     1.01557
     1.01557
     1.03226
     1.03226
      1.0491
      1.0491
     1.06609
     1.06609
     1.08321
     1.08321
     1.10049
     1.10049
     1.11791
     1.11791
     1.13548
     1.13548
     1.15319
     1.15319
     1.17105
     1.17105
     1.18906
     1.18906
     1.20721
     1.20721
      1.2255
      1.2255
     1.24394
     1.24394
     1.26253
     1.26253
     1.28126
     1.28126
     1.30014
     1.30014
     1.31916
     1.31916
     1.33833
     1.33833
     1.35764
     1.35764
      1.3771
      1.3771
     1.39671
     1.39671
     1.41645
     1.41645
     1.43635
     1.43635
     1.45639
     1.45639
     1.47657
     1.47657
      1.4969
      1.4969
     1.51738
     1.51738
     1.53799
     1.53799
     1.55876
     1.55876
     1.57967
     1.57967
     1.60072
     1.60072
     1.62192
     1.62192
     1.64326
     1.64326
     1.65614
     1.66332
     1.66475
     1.66475
     1.67046
     1.67757
     1.68464
     1.68638
     1.68638
     1.69168
     1.69869
     1.70566
     1.70816
     1.70816
     1.71259
     1.71949
     1.72636
     1.73009
     1.73009
     1.73319
     1.73999
     1.74676
     1.75215
     1.75215
      1.7535
      1.7602
     1.76687
      1.7735
     1.77437
     1.77438
     1.78011
     1.78668
     1.79322
     1.79676
     1.79682
     1.79973
      1.8062
     1.81265
     1.81906
     1.81947
      1.8197
     1.82544
     1.83179
      1.8381
     1.84289
     1.84356
     1.84439
     1.85065
     1.85687
     1.86306
      1.8678
     1.86917
     1.86922
     1.87535
     1.88145
     1.88752
     1.89356
     1.89499
     1.89724
     1.89956
     1.90554
     1.91148
      1.9174
     1.92328
     1.92512
      1.9283
     1.92913
     1.93495
     1.94074
      1.9465
     1.95223
     1.95792
     1.95878
     1.96292
     1.96359
     1.96922
     1.97483
      1.9804
     1.98594
     1.99145
     1.99676
     1.99693
     2.00192
     2.00237
     2.00779
     2.01317
     2.01852
     2.02384
     2.02913
     2.03438
      2.0396
     2.04037
     2.04479
     2.04668
     2.04995
     2.05507
     2.06016
     2.06522
     2.07024
     2.07523
     2.08018
      2.0851
     2.08999
     2.09223
     2.09484
     2.09965
     2.09995
     2.10443
     2.10917
     2.11388
     2.11855
     2.12318
     2.12778
     2.13234
     2.13685
     2.14133
     2.14577
     2.15017
     2.15453
     2.15884
     2.15915
     2.16312
     2.16735
     2.16883
     2.17153
     2.17568
     2.17977
     2.18382
     2.18782
     2.19177
     2.19566
     2.19951
      2.2033
     2.20704
     2.21071
     2.21432
     2.21787
     2.22136
     2.22477
      2.2281
     2.23135
     2.23451
     2.23757
     2.24053
      2.2433
     2.24608
      2.2481
     2.25129
     2.25189
     2.25664
      2.2567
     2.26246
     2.26246
     2.26873
     2.26873
     2.27539
     2.27539
     2.28238
     2.28238
     2.28968
     2.28968
     2.29724
     2.29724
     2.30507
     2.30507
     2.31313
     2.31313
     2.32143
     2.32143
     2.32995
     2.32995
     2.33868
     2.33868
     2.34762
     2.34762
     2.35676
     2.35676
     2.36609
     2.36609
     2.37562
     2.37562
     2.38534
     2.38534
     2.39525
     2.39525
     2.40533
     2.40533
      2.4156
      2.4156
     2.42604
     2.42604
     2.43666
     2.43666
     2.44745
     2.44745
     2.45841
     2.45841
     2.46955
     2.46955
     2.48085
     2.48085
     2.49231
     2.49231
     2.50395
     2.50395
     2.51574
     2.51574
      2.5277
      2.5277
     2.53983
     2.53983
     2.55211
     2.55211
     2.56455
     2.56455
     2.57716
     2.57716
     2.58992
     2.58992
     2.60284
     2.60284
     2.61592
     2.61592
     2.62915
     2.62915
     2.64255
     2.64255
     2.65609
     2.65609
     2.66979
     2.66979
     2.68365
     2.68365
     2.69766
     2.69766
     2.71183
     2.71183
     2.72614
     2.72614
     2.74062
     2.74062
     2.75524
     2.75524
     2.77001
     2.77001
     2.78494
     2.78494
     2.80002
     2.80002
     2.81525
     2.81525
     2.83063
     2.83063
     2.84617
     2.84617
     2.86185
     2.86185
     2.87768
     2.87768
     2.89367
     2.89367
      2.9098
      2.9098
     2.92608
     2.92608
     2.94251
     2.94251
     2.95909
     2.95909
     2.97582
     2.97582
      2.9927
      2.9927
     3.00973
     3.00973
     3.02691
     3.02691
     3.04423
     3.04423
      3.0617
      3.0617
     3.07933
     3.07933
     3.09709
     3.09709
     3.11501
     3.11501
     3.13308
     3.13308
     3.15129
     3.15129
     3.16965
     3.16965
     3.18815
     3.18815
     3.20681
     3.20681
     3.22561
     3.22561
     3.24456
     3.24456
     3.26365
     3.26365
      3.2829
      3.2829
     3.30228
     3.30228
     3.32182
     3.32182
      3.3415
      3.3415
     3.36133
     3.36133
     3.38131
     3.38131
     3.40143
     3.40143
      3.4217
      3.4217
     3.44211
     3.44211
     3.46267
     3.46267
     3.48338
     3.48338
     3.50423
     3.50423
     3.52523
     3.52524
     3.54637
      3.5464
     3.56765
     3.56775
     3.58908
     3.58938
     3.61071
     3.61143
     3.63272
     3.63416
     3.65542
     3.65781
      3.6792
      3.6826
     3.70434
     3.70868
     3.73101
     3.73617
     3.75933
     3.76521
     3.78942
     3.79592
     3.82144
     3.82851
     3.85563
     3.86324
     3.89233
     3.90047
     3.93206
     3.94074
      3.9756
     3.98484
     4.02426
     4.03411
     4.08058
     4.09113
     4.15114
      4.1626
      5.3912
     5.39525
     5.39928
     5.40328
     5.40725
      5.4112
     5.41513
     5.41903
     5.42291
     5.42676
     5.43059
     5.43439
     5.43817
     5.44192
     5.44565
     5.44935
     5.45303
     5.45668
      5.4603
      5.4639
     5.46747
     5.47101
     5.47453
     5.47802
     5.48149
     5.48493
     5.48834
     5.49172
     5.49507
      5.4984
      5.5017
     5.50496
      5.5082
     5.51142
      5.5146
     5.51775
     5.52087
     5.52396
     5.52702
     5.53005
     5.53304
     5.53601
     5.53894
     5.54183
      5.5447
     5.54752
     5.55032
     5.55307
     5.55579
     5.55847
     5.56112
     5.56372
     5.56628
      5.5688
     5.57127
      5.5737
     5.57608
      5.5784
     5.58068
      5.5829
     5.58506
     5.58715
     5.58917
     5.59111
     5.59297
     5.59464
     5.59643
     5.59732
     5.59977
     5.59991
     5.60337
     5.60338
     5.60734
     5.60734
     5.61163
     5.61163
     5.61619
     5.61619
     5.62101
     5.62101
     5.62604
     5.62604
      5.6313
      5.6313
     5.63675
     5.63675
      5.6424
      5.6424
     5.64824
     5.64824
     5.65426
     5.65426
     5.66045
     5.66045
     5.66683
     5.66683
     5.67337
     5.67337
     5.68009
     5.68009
     5.68697
     5.68697
     5.69401
     5.69401
     5.70122
     5.70122
     5.70858
     5.70858
     5.71611
     5.71611
     5.72379
     5.72379
     5.73164
     5.73164
     5.73964
     5.73964
     5.74779
     5.74779
      5.7561
      5.7561
     5.76456
     5.76456
     5.77317
     5.77317
     5.78194
     5.78194
     5.79086
     5.79086
     5.79993
     5.79993
     5.80915
     5.80915
     5.81852
     5.81852
     5.82804
     5.82804
     5.83771
     5.83771
     5.84753
     5.84753
      5.8575
      5.8575
     5.86762
     5.86762
     5.87789
     5.87789
      5.8883
      5.8883
     5.89886
     5.89886
     5.90957
     5.90957
     5.92043
     5.92043
     5.93144
     5.93144
     5.94259
     5.94259
     5.95389
     5.95389
     5.96534
     5.96534
     5.97693
     5.97693
     5.98867
     5.98867
     6.00055
     6.00055
     6.01259
     6.01259
     6.02477
     6.02477
     6.03709
     6.03709
     6.04956
     6.04956
     6.06218
     6.06218
     6.07494
     6.07494
     6.08785
     6.08785
      6.1009
      6.1009
      6.1141
      6.1141
     6.12745
     6.12745
     6.14094
     6.14094
     6.15457
     6.15457
     6.16836
     6.16836
     6.18228
     6.18228
     6.19635
     6.19635
     6.21057
     6.21057
     6.22493
     6.22493
     6.23944
     6.23944
     6.25409
     6.25409
     6.26889
     6.26889
     6.28383
     6.28383
     6.29892
     6.29892
     6.31415
     6.31415
     6.32953
     6.32953
     6.34497
     6.34505
     6.34505
     6.36072
     6.36072
     6.37653
     6.37653
     6.39249
     6.39249
     6.40859
     6.40859
     6.42484
     6.42484
     6.44123
     6.44123
     6.45776
     6.45776
     6.47444
     6.47444
     6.49127
     6.49127
     6.50824
     6.50824
     6.52535
     6.52535
     6.54261
     6.54261
     6.56001
     6.56001
     6.57756
     6.57756
     6.59525
     6.59525
     6.61309
     6.61309
     6.63107
     6.63107
     6.64919
     6.64919
     6.66746
     6.66746
     6.68588
     6.68588
     6.70444
     6.70444
     6.72314
     6.72314
     6.74199
     6.74199
     6.76098
     6.76098
     6.78011
     6.78011
     6.79939
     6.79939
     6.81882
     6.81882
     6.83839
     6.83839
      6.8581
      6.8581
     6.87796
     6.87796
     6.89796
     6.89796
     6.91811
     6.91811
      6.9384
      6.9384
     6.95883
     6.95883
     6.97941
     6.97941
     7.00014
     7.00014
       7.021
       7.021
     7.04202
     7.04202
     7.06317
     7.06317
     7.08447
     7.08447
     7.10592
     7.10592
     7.12751
     7.12751
     7.14924
     7.14924
     7.17112
     7.17112
     7.19314
     7.19314
      7.2153
      7.2153
     7.23761
     7.23761
     7.26007
     7.26007
     7.28267
     7.28267
     7.30543
     7.30543
     7.32843
     7.32847
     7.35202
     7.35218
     7.37708
     7.37751
     7.40489
     7.40568
     7.43681
     7.43801
     7.47473
      7.4764
     7.52332
     7.52552
     8.20787