  -0.562919
  -0.559026
  -0.559002
  -0.547305
  -0.547287
  -0.527775
  -0.527735
  -0.500459
  -0.500292
  -0.478937
  -0.475791
  -0.473688
  -0.465323
  -0.464953
  -0.464215
  -0.460118
  -0.444202
   -0.43834
  -0.422346
  -0.421702
  -0.415776
  -0.408521
  -0.386656
  -0.383485
  -0.381767
  -0.378996
  -0.373079
  -0.371505
  -0.370901
  -0.370524
  -0.368553
   -0.35927
  -0.353921
  -0.350358
  -0.346784
  -0.344902
  -0.344484
  -0.337895
  -0.333954
    -0.3258
  -0.324557
  -0.319534
  -0.317174
  -0.316202
  -0.312777
  -0.311414
  -0.296469
  -0.288452
  -0.284214
  -0.280795
  -0.276487
  -0.273576
  -0.260156
  -0.251891
  -0.246143
  -0.244372
   -0.24043
  -0.227275
  -0.219723
   -0.21538
  -0.214495
  -0.211853
  -0.210771
  -0.207776
  -0.206714
  -0.204688
  -0.195137
  -0.194719
  -0.188598
  -0.182795
  -0.175304
  -0.171586
  -0.169408
  -0.168311
  -0.166547
  -0.161913
  -0.158285
  -0.151542
  -0.151018
  -0.148553
  -0.147444
  -0.146162
  -0.145009
  -0.144877
  -0.134327
  -0.128951
  -0.127172
  -0.117531
  -0.116793
  -0.113402
 -0.0995994
 -0.0994555
 -0.0991589
 -0.0931458
 -0.0890997
 -0.0865338
 -0.0853871
 -0.0816849
 -0.0754857
 -0.0753369
 -0.0750347
 -0.0625269
  -0.062013
 -0.0507159
 -0.0388297
 -0.0276625
 -0.0273668
 -0.0249703
 -0.0214082
 -0.0183201
-0.00965115
-0.00328572
-0.00301149
 0.00131923
 0.00411845
 0.00423012
 0.00488387
 0.00507185
 0.00570106
 0.00790332
  0.0183825
  0.0192924
  0.0203843
  0.0308666
  0.0328457
  0.0376772
   0.042353
  0.0435146
  0.0484662
  0.0537876
  0.0651799
  0.0658891
   0.073425
  0.0743389
  0.0905923
  0.0912683
  0.0934422
  0.0957065
  0.0976682
  0.0989886
  0.0996652
   0.102862
   0.112616
   0.112955
   0.130227
   0.130342
   0.145018
   0.151254
   0.154692
   0.159484
   0.159991
   0.161903
    0.16845
   0.189127
   0.189866
   0.194422
   0.202764
   0.205926
   0.209338
   0.214047
   0.215554
   0.217913
   0.219019
   0.225047
   0.245859
   0.248933
   0.266623
   0.276747
    0.27925
   0.282508
   0.287348
   0.291727
   0.294508
   0.298505
   0.301687
   0.313715
   0.320085
   0.323637
   0.337563
   0.347637
   0.350974
   0.355949
   0.370753
   0.373514
   0.379501
   0.384777
   0.392018
   0.407478
    0.41027
   0.413126
   0.426707
   0.430605
   0.434272
   0.442121
   0.445743
   0.464634
   0.466514
   0.474644
   0.475079
   0.500451
   0.503516
   0.513891
   0.515739
   0.518025
   0.528843
   0.529993
   0.539229
    0.56664
   0.570352
   0.571846
    0.57201
   0.575647
   0.602661
    0.60908
   0.613136
   0.620735
   0.621318
   0.628962
   0.652865
    0.65787
   0.658641
   0.677346
   0.679786
    0.68214
    0.70973
    0.71215
   0.713349
   0.715878
   0.731186
   0.738664
   0.742216
   0.762863
   0.777307
   0.792649
   0.794032
    0.79686
   0.801991
   0.802733
   0.822986
   0.826226
    0.84673
   0.855263
    0.85886
   0.866651
   0.882834
   0.897329
   0.917294
   0.919094
   0.930008
   0.934066
    0.93857
     0.9415
   0.943478
     0.9442
   0.968832
    0.99436
     1.0086
     1.0122
    1.03486
    1.03597
    1.05637
    1.06644
    1.06764
    1.06896
    1.06986
    1.07289
    1.09152
    1.09819
    1.09843
    1.12681
    1.16973
    1.17338
    1.18208
     1.1938
    1.20138
      1.203
    1.20329
    1.21212
    1.21865
    1.22623
    1.23787
    1.25289
    1.26162
    1.26525
    1.33638
    1.33866
    1.34243
    1.34276
    1.34462
    1.35577
    1.35771
    1.37083
      1.371
    1.37511
    1.40132
    1.41044
    1.42268
    1.43291
    1.49185
    1.49396
    1.49914
    1.51906
    1.51974
    1.52662
    1.52976
    1.54367
    1.56337
    1.57737
    1.64872
    1.65142
    1.66652
     1.6668
    1.67423
    1.67505
    1.68661
    1.68861
    1.68994
    1.69122
    1.69476
    1.71363
    1.71527
    1.72231
     1.7453
    1.74715
    1.78489
    1.78682
    1.81352
    1.81706
    1.83236
    1.83426
    1.88768
    1.88944
    1.90414
    1.93858
    1.95078
    1.95238
    2.00539
    2.00768
       2.01
    2.01639
    2.02165
    2.02208
    2.02309
     2.0313
    2.04219
    2.05259
    2.07078
     2.0807
    2.10027
    2.10161
    2.10817
    2.11621
    2.15455
     2.1597
    2.18054
    2.18598
    2.18663
    2.18685
      2.188
    2.20336
    2.20436
    2.21002
    2.21162
    2.23241
    2.23252
    2.27022
     2.2723
    2.27296
    2.27454
    2.28078
     2.2823
    2.31688
    2.32403
    2.34196
    2.34799
    2.37076
    2.38273
    2.38455
    2.38498
     2.4207
    2.42178
    2.42331
    2.42792
    2.42894
     2.4301
    2.43387
    2.44423
    2.45492
    2.45498
    2.46729
     2.4817
    2.49041
    2.49254
    2.49477
    2.49484
     2.4957
    2.49644
    2.50399
    2.50766
     2.5085
    2.52003
    2.52052
    2.52347
    2.53244
    2.53325
    2.54072
    2.54457
    2.54571
    2.54673
    2.57644
    2.57815
     2.5865
     2.5892
    2.60525
    2.61026
      2.613
    2.61415
    2.61455
    2.61874
    2.62196
    2.62285
    2.64041
    2.65289
    2.65957
    2.67904
    2.69356
    2.70164
     2.7107
    2.71077
    2.71219
    2.72421
    2.72575
    2.73592
    2.73921
    2.75614
    2.76631
    2.76965
    2.76972
    2.80867
    2.81159
    2.81215
    2.81293
    2.81664
    2.81789
    2.82044
     2.8245
    2.82628
     2.8275
    2.83635
    2.83761
     2.8438
    2.84695
    2.84923
    2.85192
    2.85401
    2.86514
    2.86956
    2.86975
    2.87341
    2.88096
    2.89195
    2.90238
    2.90567
    2.91949
    2.91989
    2.92163
     2.9362
    2.93759
    2.94618
    2.94939
    2.95367
    2.95479
    2.96601
    2.99445
    2.99636
    2.99651
    2.99717
    2.99887
    3.00174
    3.00754
    3.00836
     3.0112
    3.01157
    3.01555
    3.01766
    3.02998
    3.03218
     3.0365
    3.04147
    3.05504
    3.05656
    3.06085
    3.06175
    3.07256
    3.07517
    3.07947
    3.08838
     3.0954
    3.10025
    3.11049
    3.11837
    3.12435
    3.12454
    3.13811
    3.13902
    3.14745
    3.15499
    3.16057
    3.16084
    3.16559
     3.1862
    3.18966
    3.19093
    3.20187
    3.20593
    3.21068
     3.2109
    3.21976
    3.23706
    3.25347
    3.25475
    3.26308
    3.26337
    3.26347
    3.26528
    3.28263
    3.29558
    3.31845
    3.32349
     3.3275
    3.33083
    3.33439
    3.33819
    3.33836
    3.34277
    3.34426
    3.34895
    3.34978
    3.35007
    3.35184
    3.35296
    3.35947
    3.36923
    3.36953
    3.38275
    3.38372
    3.39401
    3.39658
    3.39675
    3.39867
    3.40504
     3.4293
    3.43178
     3.4319
    3.43313
    3.44761
    3.45817
    3.47466
    3.47522
    3.47742
    3.48401
    3.48575
    3.48856
     3.4892
    3.49486
    3.50125
    3.50594
    3.52256
    3.52453
    3.52546
    3.52655
    3.54501
    3.54557
    3.56445
    3.57318
    3.57757
    3.58422
    3.58498
    3.58591
    3.59651
    3.62281
    3.64896
    3.65099
    3.65325
    3.65468
    3.65602
    3.66051
    3.66469
    3.66772
     3.6743
    3.70148
    3.70736
    3.70748
     3.7118
    3.72578
    3.72853
     3.7322
    3.73998
     3.7662
    3.76993
    3.77218
    3.80858
    3.81164
    3.81171
    3.81778
    3.82067
    3.82144
    3.82693
    3.82905
     3.8377
    3.84989
    3.87895
    3.88051
    3.88174
    3.89798
    3.89937
    3.90233
    3.90271
     3.9395
    3.95966
    3.97148
     3.9981
    4.00022
    4.00096
    4.00151
     4.0068
    4.01222
    4.03236
    4.05919
    4.06247
    4.07113
     4.0932
     4.1046
     4.1047
    4.10805
    4.12962
    4.14073
     4.1704
    4.17607
    4.17881
    4.19154
    4.21914
    4.22234
    4.23006
    4.24203
    4.24469
    4.24531
    4.26884
     4.2828
    4.32871
    4.34136
    4.34437
    4.36419
    4.37101
    4.41751
    4.41791
    4.43234
    4.47133
    4.47418
    4.47933
    4.51704
     4.5552
    4.57496
    4.58212
    4.58886
    4.60904
    4.61182
    4.65163
    4.66934
    4.74044
    4.75204
     4.7545
    4.75733
    4.90774
    4.91078
    4.91331
    4.92167
    5.00417
    5.00777
    5.00862
    5.01946
    5.02107
    5.03922
    5.04146
    5.06705
    5.06881
     5.0697
    5.07221
    5.10288
    5.10572
    5.14668
    5.14944
    5.15092
    5.15112
     5.1573
    5.15868
    5.16938
    5.17426
    5.18701
    5.19824
    5.19834
     5.2008
    5.20838
    5.20866
    5.21089
    5.21841
    5.21967
     5.2309
    5.23767
    5.23777
    5.24166
    5.24182
    5.24192
    5.25779
     5.2598
    5.26564
    5.27241
    5.27438
    5.28079
    5.30196
    5.31647
    5.32289
    5.32496
    5.32645
    5.32797
    5.34167
    5.34464
      5.346
    5.34636
    5.35505
     5.3569
    5.36742
    5.36902
    5.37306
    5.37609
    5.38016
    5.38236
    5.38376
    5.38398
    5.38783
     5.3897
    5.39747
    5.39978
    5.39984
     5.4008
    5.40658
    5.40708
    5.40726
    5.42681
    5.43145
    5.43217
    5.43266
    5.44038
    5.44837
    5.45081
    5.45791
    5.46233
    5.46624
    5.47439
    5.47935
     5.4805
    5.48089
    5.48224
    5.48293
    5.48529
    5.48859
     5.4943
    5.49852
    5.49908
    5.50362
    5.50746
    5.51792
    5.51944
    5.52192
    5.52564
    5.52812
    5.52822
    5.53138
    5.54093
    5.54865
    5.55479
    5.55605
    5.56386
     5.5641
    5.56999
     5.5716
     5.5723
    5.57234
    5.57292
     5.5765
    5.58186
    5.58693
    5.58735
    5.58735
    5.58842
    5.59136
    5.60447
     5.6054
    5.61108
    5.61241
    5.61272
    5.61414
    5.63482
    5.63581
    5.63854
     5.6411
    5.64166
    5.64276
    5.64423
    5.65291
    5.67014
    5.67086
    5.67746
    5.68234
    5.68384
    5.68844
    5.68882
    5.69209
    5.69525
    5.69599
    5.70519
    5.70862
    5.71472
    5.72977
    5.73124
    5.74107
    5.75115
    5.75262
    5.75797
    5.75822
    5.77383
    5.77569
    5.77679
    5.77916
    5.78502
    5.78642
    5.79602
    5.79641
    5.81126
     5.8231
    5.82615
    5.82789
    5.83187
    5.84643
     5.8475
    5.84806
    5.84941
    5.87692
     5.8859
    5.88909
    5.89078
    5.90418
    5.90503
    5.90558
     5.9132
    5.91485
    5.91888
    5.92024
    5.92155
    5.92697
     5.9522
    5.97855
    5.98479
    5.99285
    5.99364
    5.99749
    5.99896
    6.00172
    6.01041
    6.01109
    6.01285
    6.01286
    6.02328
    6.03881
    6.06584
    6.07481
    6.08392
    6.08561
    6.09086
    6.09338
    6.09724
    6.10059
    6.10573
    6.11549
    6.13973
      6.143
    6.14923
    6.16218
    6.17362
    6.17821
    6.18024
    6.18605
    6.19542
     6.1997
    6.20664
    6.21248
    6.22028
    6.22835
    6.27709
    6.27911
     6.2804
     6.2812
    6.28287
      6.283
    6.29112
    6.30602
     6.3071
    6.30912
    6.32234
    6.34265
    6.34773
    6.35007
    6.35853
    6.39054
    6.39181
    6.39349
    6.42232
    6.42253
    6.42398
    6.42558
    6.42575
    6.42593
    6.42741
     6.4563
    6.48123
    6.48223
    6.48356
    6.50866
     6.5119
    6.51208
    6.54391
    6.54932
    6.55134
    6.56751
    6.57137
    6.57604
    6.58157
    6.59947
    6.62262
    6.62329
    6.63417
    6.63479
     6.6386
    6.63967
    6.67248
    6.68069
    6.68391
    6.71667
    6.72444
    6.73762
    6.74359
    6.75003
     6.7689
    6.77024
      6.773
    6.77446
    6.77494
    6.79446
    6.80834
    6.82027
    6.82359
    6.87399
    6.88323
    6.90721
    6.90749
    6.91097
    6.91341
    6.91524
    6.91689
    6.92274
    6.93813
    6.95164
    6.96293
    6.96884
    6.97066
    7.03986
    7.04849
    7.06095
    7.06529
    7.06722
    7.07133
    7.07959
    7.10209
    7.11184
    7.12554
    7.12694
    7.13964
     7.2188
    7.22312
    7.22602
    7.24088
    7.24127
    7.26147
    7.28891
    7.29444
    7.38447
    7.38873
    7.43603
    7.45967
     8.2119