  -0.700172
  -0.697406
  -0.694669
  -0.691962
  -0.689283
  -0.686636
  -0.684019
  -0.681434
  -0.678883
  -0.676365
  -0.673882
  -0.671435
  -0.669026
  -0.666655
  -0.664324
  -0.662034
  -0.659789
  -0.657589
  -0.655436
  -0.653335
  -0.651287
  -0.649297
  -0.647369
   -0.64551
  -0.643727
  -0.642034
  -0.640428
  -0.639049
  -0.637554
  -0.636815
  -0.634797
  -0.634016
  -0.631475
   -0.63057
  -0.627702
  -0.626699
  -0.623556
  -0.622465
  -0.619072
  -0.617902
  -0.614274
  -0.613027
  -0.609174
  -0.607853
  -0.603782
   -0.60239
  -0.598106
  -0.596643
   -0.59215
  -0.590618
  -0.585919
  -0.584319
  -0.579416
  -0.577748
  -0.572644
  -0.570908
  -0.565603
  -0.563802
  -0.558297
  -0.556429
  -0.550726
  -0.548792
  -0.542892
  -0.540892
  -0.534795
   -0.53273
  -0.526437
  -0.524306
  -0.517817
  -0.515622
  -0.508937
  -0.506677
  -0.499797
  -0.497472
  -0.490398
  -0.488007
  -0.480739
  -0.478284
  -0.470822
  -0.468302
  -0.460646
  -0.458061
  -0.450211
  -0.447562
  -0.439519
  -0.436805
  -0.428569
  -0.425791
   -0.41736
  -0.414518
  -0.405895
  -0.402988
  -0.394172
  -0.391201
  -0.382191
  -0.379156
  -0.369954
  -0.366854
  -0.357459
  -0.354295
  -0.344707
  -0.341479
  -0.331699
  -0.328406
  -0.318433
  -0.315077
  -0.304911
   -0.30149
  -0.291132
  -0.287647
  -0.277096
  -0.273547
  -0.262804
   -0.25919
  -0.248255
  -0.244577
  -0.233449
  -0.229707
  -0.218387
  -0.214581
  -0.203068
  -0.199199
  -0.187493
  -0.183559
  -0.171662
  -0.167664
  -0.155574
  -0.151512
   -0.13923
  -0.135103
  -0.122629
  -0.118439
  -0.105772
  -0.101518
 -0.0886588
 -0.0843405
 -0.0712893
 -0.0669069
 -0.0536635
  -0.049217
 -0.0357814
 -0.0312709
 -0.0176431
 -0.0130685
0.000751404
 0.00539007
  0.0194022
  0.0241049
  0.0383091
  0.0430759
  0.0574723
  0.0623031
  0.0768917
  0.0817865
  0.0965672
   0.101526
   0.116499
   0.121522
   0.136687
   0.141774
   0.157131
   0.162282
   0.177831
   0.183046
   0.198787
   0.204066
       0.22
   0.225343
   0.241468
   0.246875
   0.263193
   0.268664
   0.285174
   0.290709
    0.30741
    0.31301
   0.329903
   0.335567
   0.352653
    0.35838
   0.375658
   0.381449
   0.398919
   0.404774
   0.422436
   0.428356
    0.44621
   0.452193
   0.470239
   0.476287
   0.494525
   0.500636
   0.519067
   0.525242
   0.543864
   0.550104
   0.568918
   0.575222
   0.594228
   0.600595
   0.619794
   0.626225
   0.645616
   0.652111
   0.671694
   0.678253
   0.698028
   0.704651
   0.724618
   0.731306
   0.751464
   0.758216
   0.778567
   0.785382
   0.805925
   0.812804
   0.833539
   0.840483
    0.86141
   0.868417
   0.889536
   0.896608
   0.917918
   0.925054
   0.946557
   0.953757
   0.975451
   0.982715
     1.0046
    1.01193
    1.03401
     1.0414
    1.06367
    1.07113
    1.09359
    1.10111
    1.12376
    1.13135
     1.1542
    1.16184
    1.18488
    1.19259
    1.21582
     1.2236
    1.24701
    1.25484
    1.27757
    1.28686
    1.30896
    1.33587
     1.8658
    1.87231
    1.87882
    1.88531
    1.89178
    1.89825
    1.90471
    1.91115
    1.91759
    1.92401
    1.93042
    1.93682
    1.94321
    1.94959
    1.95596
    1.96231
    1.96866
      1.975
    1.98132
    1.98763
    1.99393
    2.00023
    2.00651
    2.01278
    2.01904
    2.02528
    2.03152
    2.03775
    2.04396
    2.05017
    2.05636
    2.06255
    2.06872
    2.07488
    2.08103
    2.08717
     2.0933
    2.09942
    2.10553
    2.11163
    2.11772
     2.1238
    2.12986
    2.13592
    2.14196
      2.148
    2.15402
    2.16004
    2.16604
    2.17203
    2.17802
    2.18399
    2.18995
     2.1959
    2.20184
    2.20777
    2.21369
    2.21959
    2.22549
    2.23138
    2.23726
    2.24312
    2.24898
    2.25482
    2.26066
    2.26648
     2.2723
     2.2781
    2.28389
    2.28967
    2.29545
    2.30121
    2.30696
     2.3127
    2.31843
    2.32415
    2.32985
    2.33555
    2.34124
    2.34692
    2.35258
    2.35824
    2.36388
    2.36952
    2.37514
    2.38076
    2.38636
    2.39195
    2.39753
     2.4031
    2.40866
    2.41421
    2.41975
    2.42528
     2.4308
     2.4363
     2.4418
    2.44728
    2.45276
    2.45822
    2.46367
    2.46912
    2.47455
    2.47997
    2.48538
    2.49078
    2.49616
    2.50154
    2.50691
    2.51226
    2.51761
    2.52294
    2.52826
    2.53357
    2.53887
    2.54416
    2.54944
    2.55471
    2.55996
    2.56521
    2.57044
    2.57566
    2.58088
    2.58607
    2.59126
    2.59644
    2.60161
    2.60676
     2.6119
    2.61703
    2.62215
    2.62726
    2.63236
    2.63745
    2.64252
    2.64758
    2.65263
    2.65767
     2.6627
    2.66771
    2.67272
    2.67771
    2.68269
    2.68766
    2.69261
    2.69755
    2.70249
     2.7074
    2.71231
    2.71721
    2.72209
    2.72696
    2.73182
    2.73666
     2.7415
    2.74632
    2.75112
    2.75592
     2.7607
    2.76547
    2.77023
    2.77497
     2.7797
    2.78442
    2.78913
    2.79382
     2.7985
    2.80316
    2.80781
    2.81245
    2.81707
    2.82169
    2.82628
    2.83087
    2.83544
    2.83999
    2.84453
    2.84906
    2.85357
    2.85807
    2.86256
    2.86703
    2.87148
    2.87592
    2.88035
    2.88476
    2.88916
    2.89354
     2.8979
    2.90225
    2.90659
    2.91091
    2.91521
     2.9195
    2.92377
    2.92802
    2.93226
    2.93648
    2.94069
    2.94488
    2.94905
     2.9532
    2.95734
    2.96146
    2.96556
    2.96964
    2.97371
    2.97775
    2.98178
    2.98579
    2.98978
    2.99375
     2.9977
    3.00163
    3.00554
    3.00943
     3.0133
    3.01715
    3.02098
    3.02478
    3.02856
    3.03232
    3.03606
    3.03977
    3.04346
    3.04713
    3.05077
    3.05438
    3.05797
    3.06153
    3.06507
    3.06857
    3.07205
     3.0755
    3.07892
     3.0823
    3.08566
    3.08898
    3.09226
    3.09551
    3.09872
    3.10189
    3.10502
    3.10811
    3.11114
    3.11413
    3.11707
    3.11994
    3.12275
     3.1255
    3.12815
    3.13072
    3.13315
    3.13541
    3.13748
    3.13955
    3.14181
    3.14425
    3.14682
    3.14949
    3.15225
    3.15508
    3.15798
    3.16094
    3.16396
    3.16703
    3.17015
    3.17332
    3.17653
    3.17979
    3.18309
    3.18643
    3.18981
    3.19323
    3.19668
    3.20017
     3.2037
    3.20726
    3.21085
    3.21448
    3.21814
    3.22182
    3.22554
     3.2293
    3.23308
    3.23689
    3.24072
    3.24459
    3.24849
    3.25241
    3.25636
    3.26034
    3.26434
    3.26837
    3.27243
    3.27651
    3.28062
    3.28475
    3.28891
    3.29309
     3.2973
    3.30153
    3.30579
    3.31007
    3.31437
     3.3187
    3.32305
    3.32742
    3.33182
    3.33624
    3.34068
    3.34515
    3.34964
    3.35415
    3.35868
    3.36324
    3.36781
    3.37241
    3.37703
    3.38168
    3.38634
    3.39103
    3.39573
    3.40046
    3.40521
    3.40998
    3.41477
    3.41958
    3.42442
    3.42927
    3.43414
    3.43904
    3.44395
    3.44889
    3.45384
    3.45882
    3.46382
    3.46883
    3.47387
    3.47892
      3.484
     3.4891
    3.49421
    3.49935
     3.5045
    3.50968
    3.51487
    3.52008
    3.52532
    3.53057
    3.53584
    3.54113
    3.54644
    3.55177
    3.55712
    3.56249
    3.56787
    3.57328
     3.5787
    3.58415
    3.58961
    3.59509
    3.60059
    3.60611
    3.61165
     3.6172
    3.62278
    3.62837
    3.63398
    3.63961
    3.64526
    3.65093
    3.65662
    3.66232
    3.66804
    3.67378
    3.67954
    3.68532
    3.69112
    3.69693
    3.70276
    3.70861
    3.71448
    3.72037
    3.72627
     3.7322
    3.73814
     3.7441
    3.75007
    3.75607
    3.76208
    3.76811
    3.77416
    3.78022
     3.7863
    3.79239
     3.7985
    3.80462
    3.81075
    3.81689
    3.82304
    3.82921
    3.83539
    3.84161
    3.84788
    3.85422
    3.86065
    3.86717
    3.87378
    3.88049
    3.88729
    3.89418
    3.90115
    3.90822
    3.91536
    3.92259
    3.92989
    3.93728
    3.94474
    3.95228
     3.9599
     3.9676
    3.97537
    3.98323
    3.99115
    3.99917
    4.00725
    4.01543
    4.02368
    4.03201
    4.04043
    4.04893
    4.05751
    4.06619
    4.07494
    4.08379
    4.09272
    4.10175
    4.11086
    4.12008
    4.12938
     4.1388
    4.14829
     4.1579
     4.1676
    4.17742
    4.18733
    4.19737
     4.2075
    4.21776
    4.22812
    4.23862
    4.24922
    4.25997
    4.27082
    4.28183
    4.29295
    4.30423
    4.31563
     4.3272
    4.33889
    4.35077
    4.36278
    4.37499
    4.38733
    4.39989
    4.41259
    4.42553
    4.43861
    4.45195
    4.46545
    4.47923
    4.49318
    4.50744
    4.52188
    4.53666
    4.55165
    4.56701
     4.5826
     4.5986
    4.61487
     4.6316
    4.64863
     4.6662
    4.68411
    4.70265
    4.72159
    4.74129
    4.76146
    4.78257
    4.80427
    4.82718
    4.85084
    4.87617
    4.90254
    4.93145
    4.96201
    4.99728
    5.03605
     5.0927
    5.63892
    5.64182
    5.64469
    5.64752
     5.6503
    5.65305
    5.65576
    5.65842
    5.66105
    5.66363
    5.66617
    5.66866
    5.67111
    5.67351
    5.67586
    5.67817
    5.68042
    5.68262
    5.68476
    5.68684
    5.68887
    5.69082
    5.69271
    5.69452
    5.69624
    5.69787
    5.69934
     5.7008
    5.70165
    5.70341
    5.70414
    5.70653
    5.70739
    5.71013
    5.71109
    5.71411
    5.71516
    5.71844
    5.71958
     5.7231
    5.72431
    5.72806
    5.72934
    5.73331
    5.73467
    5.73885
    5.74028
    5.74467
    5.74616
    5.75076
    5.75233
    5.75713
    5.75877
    5.76377
    5.76547
    5.77068
    5.77245
    5.77785
    5.77969
    5.78529
     5.7872
      5.793
    5.79496
    5.80096
      5.803
    5.80919
    5.81129
    5.81768
    5.81984
    5.82643
    5.82866
    5.83544
    5.83774
    5.84471
    5.84707
    5.85424
    5.85666
    5.86403
    5.86652
    5.87408
    5.87663
    5.88438
      5.887
    5.89495
    5.89763
    5.90577
    5.90851
    5.91685
    5.91966
    5.92818
    5.93106
    5.93978
    5.94272
    5.95163
    5.95463
    5.96374
    5.96681
    5.97611
    5.97924
    5.98873
    5.99193
    6.00161
    6.00487
    6.01475
    6.01807
    6.02814
    6.03153
    6.04179
    6.04525
     6.0557
    6.05922
    6.06986
    6.07345
    6.08428
    6.08793
    6.09896
    6.10267
     6.1139
    6.11767
    6.12909
    6.13292
    6.14453
    6.14844
    6.16024
     6.1642
     6.1762
    6.18023
    6.19241
    6.19651
    6.20889
    6.21304
    6.22561
    6.22984
     6.2426
    6.24689
    6.25984
    6.26419
    6.27734
    6.28175
    6.29509
    6.29957
     6.3131
    6.31765
    6.33137
    6.33598
    6.34989
    6.35456
    6.36867
    6.37341
    6.38771
    6.39251
      6.407
    6.41186
    6.42655
    6.43147
    6.44635
    6.45134
    6.46641
    6.47146
    6.48673
    6.49184
     6.5073
    6.51248
    6.52813
    6.53337
    6.54921
    6.55452
    6.57055
    6.57593
    6.59215
    6.59759
      6.614
     6.6195
    6.63611
    6.64168
    6.65847
    6.66411
     6.6811
    6.68679
    6.70397
    6.70973
    6.72711
    6.73293
     6.7505
    6.75638
    6.77414
    6.78009
    6.79804
    6.80406
     6.8222
    6.82828
    6.84661
    6.85276
    6.87128
    6.87749
    6.89621
    6.90248
    6.92139
    6.92773
    6.94683
    6.95323
    6.97252
    6.97899
    6.99847
      7.005
    7.02468
    7.03127
    7.05114
     7.0578
    7.07786
    7.08458
    7.10483
    7.11162
    7.13207
    7.13891
    7.15955
    7.16646
    7.18729
    7.19427
    7.21529
    7.22233
    7.24355
    7.25065
    7.27206
    7.27923
    7.30082
    7.30806
    7.32985
    7.33714
    7.35913
    7.36649
    7.38866
    7.39608
    7.41845
    7.42594
     7.4485
    7.45605
     7.4788
    7.48642
    7.50936
    7.51704
    7.54018
    7.54792
    7.57124
    7.57905
    7.60244
    7.61034
     7.6325
    7.64624
    7.67898