  -0.790441
   -0.78844
  -0.786488
  -0.784589
  -0.782743
  -0.780956
  -0.779232
  -0.777574
  -0.775989
  -0.774488
  -0.773077
  -0.771807
  -0.770567
  -0.769891
  -0.768318
  -0.767815
   -0.76555
  -0.764926
   -0.76223
  -0.761508
  -0.758435
  -0.757622
  -0.754194
  -0.753294
  -0.749525
   -0.74854
  -0.744435
  -0.743367
   -0.73893
   -0.73778
  -0.733015
  -0.731783
  -0.726692
  -0.725378
  -0.719962
  -0.718568
  -0.712828
  -0.711353
   -0.70529
  -0.703734
  -0.697348
  -0.695712
  -0.689004
  -0.687287
  -0.680258
  -0.678461
   -0.67111
  -0.669233
  -0.661561
  -0.659603
  -0.651611
  -0.649572
  -0.641259
  -0.639141
  -0.630507
  -0.628308
  -0.619353
  -0.617075
    -0.6078
  -0.605441
  -0.595845
  -0.593406
   -0.58349
  -0.580971
  -0.570735
  -0.568136
  -0.557579
    -0.5549
  -0.544023
  -0.541263
  -0.530066
  -0.527227
  -0.515709
   -0.51279
  -0.500952
  -0.497953
  -0.485795
  -0.482716
  -0.470238
  -0.467078
   -0.45428
  -0.451041
  -0.437922
  -0.434603
  -0.421164
  -0.417765
  -0.404006
  -0.400527
  -0.386448
  -0.382889
   -0.36849
   -0.36485
  -0.350132
  -0.346412
  -0.331373
  -0.327573
  -0.312215
  -0.308335
  -0.292656
  -0.288696
  -0.272697
  -0.268658
  -0.252339
  -0.248219
   -0.23158
   -0.22738
  -0.210421
  -0.206141
  -0.188862
  -0.184502
  -0.166903
  -0.162463
  -0.144544
  -0.140024
  -0.121785
  -0.117185
 -0.0986258
 -0.0939459
 -0.0750666
 -0.0703068
 -0.0511075
 -0.0462676
 -0.0267483
 -0.0218284
-0.00198906
 0.00301078
  0.0231702
    0.02825
  0.0487294
  0.0538893
  0.0746887
  0.0799286
   0.101048
   0.106368
   0.127807
   0.133207
   0.154967
   0.160447
   0.182526
   0.188086
   0.210485
   0.216125
   0.238845
   0.244565
   0.267604
   0.273404
   0.296764
   0.302644
   0.326323
   0.332283
   0.356283
   0.362322
   0.386642
   0.392762
   0.417402
   0.423601
   0.448561
   0.454841
    0.48012
    0.48648
    0.51208
    0.51852
   0.544439
   0.550959
   0.577199
   0.583799
   0.610358
   0.617038
   0.643918
   0.650678
   0.677878
   0.684717
   0.712237
   0.719157
   0.746997
   0.753997
   0.782156
   0.789236
   0.817716
   0.824876
   0.853675
   0.860915
   0.890035
   0.897355
   0.926794
   0.934194
   0.937586
   0.941809
   0.945988
   0.950121
   0.954208
   0.958246
   0.962236
   0.963954
   0.966175
   0.970063
   0.971434
   0.973897
   0.977677
     0.9814
   0.985065
   0.988668
   0.992209
   0.995684
    0.99909
    1.00151
    1.00242
    1.00568
    1.00886
    1.00907
    1.01195
    1.01495
    1.01784
    1.02063
    1.02329
    1.02578
    1.02817
    1.02997
    1.03246
    1.03334
    1.03698
      1.038
    1.03947
    1.04234
     1.0435
    1.04711
    1.04835
    1.04962
    1.05491
    1.05628
    1.06198
    1.06345
    1.06953
     1.0711
    1.07755
    1.07783
     1.0792
    1.08555
    1.08601
    1.08776
    1.09492
    1.09675
    1.10426
    1.10617
    1.11402
    1.11602
    1.11659
    1.12421
    1.12439
     1.1263
    1.13482
    1.13699
    1.14584
    1.14809
    1.15575
    1.15728
    1.15962
    1.16362
    1.16913
    1.17155
    1.18139
    1.18389
    1.19346
    1.19406
    1.19664
    1.20658
    1.20714
     1.2098
    1.22062
    1.22337
    1.23451
    1.23734
    1.24881
    1.25172
    1.26351
     1.2665
    1.27862
    1.28169
    1.29413
    1.29728
    1.31005
    1.31328
    1.32636
    1.32968
    1.34308
    1.34648
    1.36021
    1.36368
    1.37773
    1.38129
    1.39566
     1.3993
    1.41399
    1.41771
    1.43272
    1.43652
    1.45186
    1.45573
    1.47139
    1.47535
    1.49133
    1.49537
    1.51167
    1.51578
    1.53241
     1.5366
    1.55355
    1.55782
    1.57509
    1.57945
    1.59703
    1.60147
    1.61938
    1.62389
    1.64212
    1.64672
    1.66527
    1.66994
    1.68881
    1.69357
    1.71276
     1.7176
    1.73711
    1.74202
    1.76185
    1.76685
      1.787
    1.79208
    1.81255
    1.81771
     1.8385
    1.84374
    1.86485
    1.87017
     1.8916
      1.897
    1.91875
    1.92423
     1.9463
    1.95186
    1.97425
    1.97989
    2.00261
    2.00832
    2.03136
    2.03716
    2.06051
    2.06639
    2.09006
    2.09602
    2.12002
    2.12606
    2.15037
    2.15649
    2.18112
    2.18732
    2.21228
    2.21856
    2.24383
    2.25019
    2.27579
    2.28223
    2.30814
    2.31466
     2.3409
     2.3475
    2.37405
    2.38073
    2.40761
    2.41437
    2.44156
     2.4484
    2.47592
    2.48284
    2.51067
    2.51767
    2.54583
    2.55291
    2.58138
    2.58854
    2.61734
    2.62458
     2.6537
    2.66102
    2.69045
    2.69785
    2.71229
    2.71883
    2.72533
    2.72761
    2.73179
    2.73509
    2.73822
     2.7446
    2.75095
    2.75727
    2.76354
    2.76517
    2.76978
    2.77273
    2.77597
    2.78213
    2.78825
    2.79433
    2.80036
    2.80312
    2.80635
    2.81076
     2.8123
    2.81821
    2.82408
    2.82989
    2.83567
    2.84139
    2.84148
    2.84707
     2.8492
     2.8527
    2.85828
     2.8638
    2.86928
     2.8747
    2.88006
    2.88015
    2.88536
    2.88798
     2.8906
    2.89578
     2.9009
    2.90594
    2.91091
    2.91581
    2.91702
    2.92062
    2.92535
    2.92954
    2.92998
    2.93452
    2.93894
    2.94325
    2.94741
    2.95143
    2.95519
    2.95893
    2.95896
    2.96161
    2.96572
    2.96713
    2.97284
     2.9744
    2.98101
    2.98275
    2.98998
    2.99185
     2.9957
    2.99961
    3.00161
    3.00983
    3.01194
     3.0206
    3.02282
     3.0319
    3.03422
    3.04369
    3.04611
    3.05597
    3.05848
    3.06871
    3.07132
    3.08192
    3.08461
    3.09557
    3.09836
    3.10968
    3.11255
    3.12422
    3.12718
    3.13919
    3.14224
     3.1546
    3.15773
    3.17044
    3.17365
     3.1867
       3.19
    3.20338
    3.20676
    3.22048
    3.22395
      3.238
    3.24155
    3.25593
    3.25957
    3.27428
      3.278
    3.29304
    3.29685
    3.31222
    3.31611
    3.33181
    3.33577
    3.35181
    3.35585
    3.37221
    3.37634
    3.39303
    3.39724
    3.41425
    3.41855
    3.43588
    3.44026
    3.45792
    3.46238
    3.48037
     3.4849
    3.50322
    3.50783
    3.52365
    3.52647
    3.53097
    3.53117
    3.53817
    3.54525
    3.55013
     3.5522
    3.55491
    3.55903
    3.56574
    3.57234
     3.5742
    3.57882
    3.57906
    3.58519
    3.59145
    3.59759
    3.59867
    3.60361
    3.60363
    3.60956
    3.61538
     3.6211
    3.62355
    3.62671
    3.62857
    3.63221
    3.63761
     3.6429
    3.64808
    3.64882
    3.65315
    3.65393
    3.65812
    3.66297
    3.66772
    3.67235
    3.67451
    3.67686
    3.67969
    3.68126
    3.68553
    3.68968
    3.69369
    3.69757
    3.70059
     3.7013
    3.70487
    3.70586
    3.70827
    3.71148
    3.71435
    3.71727
    3.71884
    3.72251
    3.72364
    3.72708
     3.7286
    3.72994
    3.73243
    3.73558
    3.73707
    3.74326
    3.74487
    3.75155
    3.75327
    3.75397
     3.7594
    3.76039
    3.76222
    3.76975
    3.77169
    3.77962
    3.78127
    3.78165
    3.78678
    3.78996
    3.79209
    3.80078
      3.803
    3.80897
    3.81205
    3.81436
    3.81455
    3.82377
    3.82617
    3.83594
    3.83707
    3.83843
    3.84274
    3.84854
    3.85111
    3.86158
    3.86423
    3.86557
    3.87132
    3.87504
    3.87778
    3.88893
    3.89176
    3.89447
     3.9003
    3.90324
    3.90615
    3.91797
    3.92096
    3.92378
    3.92969
    3.93312
    3.93619
    3.94868
    3.95184
    3.95349
    3.95948
    3.96466
     3.9679
    3.98105
     3.9836
    3.98438
    3.98967
    3.99785
    4.00126
    4.01412
    4.01507
    4.01856
    4.02027
    4.03269
    4.03626
    4.04503
    4.05072
    4.05126
    4.05438
    4.06916
     4.0729
    4.07635
    4.08266
    4.08801
    4.09183
    4.10727
    4.10806
    4.11117
    4.11446
    4.12693
    4.13091
    4.14018
    4.14666
      4.147
    4.15106
    4.16747
    4.17161
     4.1727
    4.17926
    4.18835
    4.19257
    4.20563
    4.20963
    4.21226
    4.21393
    4.23132
     4.2357
    4.23895
    4.24566
    4.25341
    4.25787
    4.27267
     4.2759
    4.27947
    4.28045
     4.2988
    4.30343
     4.3068
    4.31367
     4.3221
    4.32681
    4.34133
     4.3458
    4.34828
    4.35059
    4.36991
    4.37478
    4.37625
    4.38329
    4.39442
    4.39937
    4.41158
     4.4187
    4.41933
    4.42436
    4.44465
    4.44731
    4.44976
    4.45451
    4.47036
    4.47555
    4.48344
    4.49072
    4.49648
    4.50175
    4.51998
      4.523
    4.52733
    4.52835
    4.54992
    4.55536
    4.55691
    4.56434
    4.57725
    4.58276
    4.59424
    4.60175
    4.60497
    4.61057
    4.63193
     4.6331
    4.63877
    4.63953
    4.66163
    4.66738
    4.66921
    4.67804
    4.69056
    4.69639
    4.70546
    4.71989
    4.72193
     4.7258
    4.74962
    4.75061
    4.75562
    4.77697
    4.77976
    4.78583
    4.81029
     4.8127
    4.81645
    4.84123
    4.84746
    4.85145
    4.87256
    4.87888
     4.9043
     4.9107
     4.9125
    4.93644
    4.94292
    4.96898
    4.97554
    5.00192
    5.00856
    5.03526
    5.04198
      5.069
     5.0758
    5.10315
    5.11002
    5.13769
    5.14465
    5.17263
    5.17967
    5.20798
    5.21509
    5.24372
    5.25092
    5.27987
    5.28715
    5.31642
    5.32377
    5.35336
     5.3608
    5.39071
    5.39822
    5.42842
    5.43601
    5.46604
    5.47421
     5.5021
    5.51541
    5.54248
    5.56469
     5.5961
    5.62846
    5.67913
    5.83341
    5.83531
    5.83715
    5.83893
    5.84065
    5.84231
    5.84389
     5.8454
    5.84683
    5.84816
    5.84935
    5.85051
    5.85113
    5.85261
    5.85308
    5.85522
    5.85581
    5.85837
    5.85906
    5.86199
    5.86277
    5.86605
    5.86691
    5.87053
    5.87148
    5.87544
    5.87647
    5.88075
    5.88186
    5.88647
    5.88767
     5.8926
    5.89388
    5.89914
    5.90049
    5.90608
    5.90751
    5.91342
    5.91494
    5.92116
    5.92276
    5.92931
    5.93099
    5.93786
    5.93962
    5.94681
    5.94865
    5.95616
    5.95808
    5.96591
    5.96791
    5.97607
    5.97815
    5.98662
    5.98878
    5.99758
    5.99982
    6.00893
    6.01125
    6.02069
    6.02309
    6.03284
    6.03532
     6.0454
    6.04796
    6.05836
      6.061
    6.07171
    6.07443
    6.08547
    6.08827
    6.09963
    6.10251
    6.11419
    6.11715
    6.12915
    6.13219
     6.1445
    6.14762
    6.16026
    6.16346
    6.17642
     6.1797
    6.19298
    6.19634
    6.20994
    6.21338
     6.2273
    6.23082
    6.24506
    6.24865
    6.26321
    6.26689
    6.28177
    6.28553
    6.30073
    6.30457
    6.32009
    6.32401
    6.33985
    6.34385
    6.36001
    6.36409
    6.38057
    6.38473
    6.40153
    6.40577
    6.42289
    6.42721
    6.44465
    6.44905
    6.46681
    6.47129
    6.48937
    6.49393
    6.51233
    6.51697
    6.53569
    6.54041
    6.55944
    6.56424
     6.5836
    6.58848
    6.60816
    6.61312
    6.63312
    6.63816
    6.65848
     6.6636
    6.68424
    6.68944
     6.7104
    6.71568
    6.73696
    6.74232
    6.76392
    6.76936
    6.79128
     6.7968
    6.81904
    6.82464
     6.8472
    6.85288
    6.87576
    6.88152
    6.90472
    6.91056
    6.93408
       6.94
    6.96384
    6.96984
      6.994
    7.00008
    7.02456
    7.03072
    7.05552
    7.06176
    7.08688
     7.0932
    7.11864
    7.12504
     7.1508
    7.15728
    7.18336
    7.18992
    7.21632
    7.22296
    7.24968
     7.2564
    7.28344
    7.29024
     7.3176
    7.32448
    7.35216
    7.35912
    7.38712
    7.39416
    7.42248
     7.4296
    7.45824
    7.46544
     7.4944
    7.50168
    7.53096
    7.53832
    7.56792
    7.57536
    7.60528
     7.6128
    7.64304
    7.65064
     7.6812
    7.68888
    7.71976
    7.72752
    7.75872
    7.76656
    7.79803
     7.8059
    7.83791