  -1.35189
  -1.35181
  -1.35037
  -1.35013
  -1.34725
  -1.34685
  -1.34253
  -1.34197
  -1.33621
  -1.33549
  -1.32829
  -1.32741
  -1.31877
  -1.31773
  -1.30765
  -1.30645
  -1.29493
  -1.29357
  -1.28061
  -1.27909
  -1.26469
  -1.26301
  -1.24717
  -1.24533
  -1.22805
  -1.22605
  -1.20733
  -1.20517
  -1.18501
  -1.18269
  -1.16109
  -1.15861
  -1.13558
  -1.13294
  -1.10846
  -1.10566
  -1.07974
  -1.07678
  -1.04942
   -1.0463
   -1.0175
  -1.01422
 -0.983978
 -0.980538
 -0.948859
 -0.945259
 -0.912139
 -0.908379
  -0.87382
   -0.8699
 -0.833901
 -0.829821
 -0.792382
 -0.788142
 -0.749262
 -0.744862
 -0.704543
 -0.699983
 -0.658224
 -0.653504
 -0.610305
 -0.605425
 -0.560786
 -0.555746
 -0.509667
 -0.504467
 -0.456948
 -0.451588
 -0.402629
 -0.397109
  -0.34671
  -0.34103
 -0.289191
 -0.283351
 -0.230072
 -0.224072
 -0.169353
 -0.163193
 -0.157931
 -0.157658
 -0.156298
 -0.156059
 -0.153182
 -0.152782
 -0.148463
 -0.147903
 -0.142144
 -0.141424
 -0.134224
 -0.133344
 -0.124705
 -0.123665
 -0.113585
 -0.112385
 -0.107034
 -0.100865
 -0.100714
-0.0995054
-0.0865457
-0.0850258
-0.0706262
-0.0689462
-0.0531067
-0.0512667
-0.0431155
-0.0366356
-0.0339872
-0.0319872
-0.0132678
-0.0111078
0.00905164
 0.0113716
 0.0224033
 0.0290432
  0.032971
 0.0354509
 0.0584903
 0.0611302
 0.0856096
 0.0884095
  0.089522
 0.0963219
  0.114329
  0.117289
  0.144648
  0.147768
  0.158241
  0.165201
  0.176567
  0.179847
  0.210086
  0.213526
  0.228559
  0.235679
  0.245205
  0.248805
  0.281924
  0.285684
  0.300478
  0.307758
  0.320243
  0.324163
  0.360162
  0.364242
  0.373997
  0.381437
  0.401681
  0.405921
    0.4448
  0.449115
    0.4492
  0.456715
  0.489519
  0.494079
  0.525834
  0.533594
  0.535837
  0.540557
  0.583756
  0.588636
  0.604152
  0.612072
  0.633275
  0.638315
  0.684393
  0.689593
  0.737112
  0.742472
  0.791431
   0.79695
  0.803801
  0.805319
   0.80677
  0.807266
  0.809852
  0.810243
  0.814516
  0.815073
  0.820814
  0.821533
  0.828724
  0.829603
  0.838237
  0.839277
  0.847349
  0.849354
  0.850553
  0.853029
  0.862071
  0.863431
  0.876389
  0.877909
  0.892307
  0.893987
  0.904868
  0.909826
  0.910707
  0.911666
  0.928945
  0.930945
  0.949664
  0.951824
  0.963986
  0.969986
  0.971983
  0.974303
  0.995903
  0.998383
   1.02142
   1.02406
    1.0247
   1.03086
   1.04854
   1.05134
   1.07726
   1.08022
   1.08702
   1.09334
   1.10758
    1.1107
    1.1395
   1.14278
   1.15094
   1.15742
   1.17302
   1.17646
   1.20814
   1.21174
   1.21646
    1.2231
   1.24486
   1.24862
   1.28318
   1.28358
    1.2871
   1.29038
    1.3231
   1.32718
    1.3523
   1.35926
   1.36462
   1.36886
   1.40773
   1.41213
   1.42261
   1.42973
   1.45245
   1.45701
   1.49453
   1.49877
   1.50181
   1.50349
   1.54669
   1.55157
   1.56805
   1.57549
   1.59621
   1.60125
   1.64317
   1.64733
   1.65077
   1.65253
   1.68473
   1.68907
   1.69324
   1.69719
   1.70005
   1.70092
   1.70433
   1.70541
   1.70756
   1.70951
   1.71356
   1.71421
   1.71989
   1.72085
   1.72169
   1.72765
   1.73005
   1.73107
   1.74098
   1.74216
   1.75357
   1.75437
   1.75492
   1.75989
    1.7678
   1.76931
   1.78366
   1.78533
    1.7982
   1.80112
   1.80296
   1.80613
   1.81029
   1.81597
    1.8202
    1.8222
   1.84089
   1.84305
   1.86318
    1.8655
   1.86781
   1.87365
   1.88708
   1.88956
   1.91258
   1.91522
   1.92693
   1.93293
   1.93968
   1.94248
   1.96838
   1.97134
   1.98765
   1.99381
   1.99868
    2.0018
   2.03059
   2.03387
   2.03478
   2.04017
   2.04529
   2.04996
   2.05015
   2.05472
   2.05628
   2.05897
   2.06288
   2.06409
   2.06613
   2.06753
   2.06974
   2.07079
   2.07668
   2.07748
    2.0856
    2.0866
   2.09637
   2.09755
    2.0992
    2.1028
   2.10887
   2.11021
   2.11388
   2.12036
   2.12304
   2.12454
    2.1359
   2.13885
   2.13966
   2.14052
   2.15629
   2.15812
   2.17421
   2.17535
   2.17735
   2.17813
    2.1794
   2.18604
   2.19603
   2.19818
   2.21411
   2.21819
   2.21831
   2.22063
   2.24221
   2.24468
   2.24652
   2.25332
   2.25562
   2.25986
   2.26771
   2.27034
   2.29481
   2.29761
   2.29873
   2.30312
   2.31524
    2.3222
   2.32352
   2.32648
   2.34343
   2.34799
   2.35383
   2.35695
   2.38556
   2.38575
   2.38903
   2.38974
   2.39268
   2.39445
   2.41927
   2.42271
   2.43764
   2.44252
   2.45439
   2.45748
   2.45799
   2.46476
   2.48715
   2.49111
   2.49218
   2.49487
   2.52943
     2.531
   2.53335
   2.53825
   2.53844
   2.54345
   2.56935
   2.57343
   2.59096
   2.59631
   2.60612
   2.61088
   2.61372
   2.61512
   2.64526
   2.65078
   2.65401
   2.65841
   2.68283
   2.69059
   2.69873
   2.70116
   2.70329
   2.70684
   2.74506
   2.74978
   2.75867
   2.76106
   2.76451
   2.76919
   2.79299
   2.79787
   2.81777
   2.82377
   2.84252
   2.84756
   2.87847
   2.88463
   2.89365
   2.89885
   2.93329
   2.93844
   2.94078
   2.94339
   2.94638
   2.94709
   2.94814
   2.95175
   2.95265
   2.95689
    2.9608
   2.96447
   2.96689
    2.9712
   2.97193
   2.97905
   2.97995
   2.98891
   2.98999
   3.00054
   3.00072
    3.0018
   3.00468
   3.00624
   3.01116
   3.01386
   3.01529
   3.02885
   3.03044
   3.04546
   3.04722
   3.05665
   3.06233
    3.0637
   3.06562
   3.07018
   3.07682
   3.08356
   3.08564
   3.10503
   3.10727
   3.11418
   3.12003
   3.12811
    3.1305
   3.13728
   3.14408
   3.15279
   3.15535
   3.17332
   3.17908
   3.17932
    3.1818
   3.20598
   3.20697
   3.20985
   3.21294
   3.23405
   3.23646
    3.2395
   3.24021
   3.26756
   3.27076
   3.27628
    3.2834
   3.29234
   3.29639
   3.29699
   3.30026
   3.30136
   3.30271
   3.30362
   3.30544
   3.30919
   3.31261
   3.31532
   3.31857
   3.31933
   3.32492
   3.32567
   3.33323
   3.33416
   3.33456
   3.33808
   3.34332
   3.34442
   3.34818
   3.35509
   3.35546
   3.35636
   3.36033
   3.36681
   3.36852
   3.36995
   3.37046
   3.37414
   3.38357
   3.38516
   3.40024
     3.402
   3.40796
    3.4118
   3.41853
   3.42044
   3.42168
   3.42586
   3.42912
    3.4325
   3.43842
    3.4405
   3.44706
   3.45106
   3.45992
   3.46216
   3.48303
   3.48543
   3.48776
   3.49192
     3.493
   3.49678
    3.4998
   3.50438
   3.50774
    3.5103
   3.53006
   3.53405
   3.53438
   3.53677
   3.56174
   3.56197
   3.56485
    3.5687
   3.57348
   3.57397
   3.57845
   3.58124
   3.59149
   3.59453
   3.61947
   3.62261
   3.62411
   3.62581
   3.63208
    3.6392
   3.64896
   3.65533
   3.65869
   3.66358
   3.66657
   3.67137
   3.68965
   3.69317
   3.70402
    3.7113
   3.71527
   3.72023
   3.72558
   3.72926
    3.7631
   3.76558
   3.76694
    3.7707
   3.77755
     3.785
   3.80223
   3.80623
   3.81748
   3.82276
   3.84295
   3.84711
   3.85269
    3.8603
   3.87098
   3.87642
   3.88528
    3.8896
   3.92608
   3.92921
   3.92942
   3.93168
   3.93369
   3.93718
   3.97474
   3.97938
   3.98278
   3.98854
   4.00249
   4.02187
   4.02287
   4.02667
   4.04109
     4.047
    4.0706
   4.07556
   4.10099
   4.10707
   4.12093
   4.12605
   4.16249
   4.16873
   4.17286
   4.17814
   4.19396
   4.19554
    4.1966
   4.19832
   4.19864
   4.20214
   4.20262
   4.20763
   4.20827
   4.21474
   4.21553
   4.22345
   4.22441
   4.22559
    4.2264
   4.23184
   4.23199
   4.23376
   4.23488
   4.24568
   4.24696
    4.2592
   4.26064
   4.27432
   4.27592
   4.28153
   4.28713
   4.29029
   4.29104
    4.2928
   4.29685
   4.30936
   4.31128
   4.32928
   4.33136
   4.33826
   4.34402
    4.3508
   4.35304
   4.35659
   4.36331
   4.37392
   4.37632
    4.3966
   4.39864
    4.4012
   4.40252
   4.42449
   4.42496
   4.42768
   4.43137
   4.45288
   4.45576
   4.45653
   4.46261
    4.4824
   4.48544
   4.49399
   4.50102
   4.51352
   4.51672
   4.51807
   4.52431
   4.54624
    4.5496
   4.56509
   4.57228
   4.58056
    4.5812
   4.58408
    4.5876
   4.61648
   4.62016
   4.63778
   4.64514
   4.64594
    4.6525
     4.654
   4.65784
   4.69312
   4.69712
   4.71208
   4.71227
     4.719
    4.7196
   4.73384
     4.738
   4.77616
   4.78021
   4.78048
   4.78709
   4.78798
   4.79566
   4.82008
   4.82456
   4.84975
   4.85679
   4.86523
    4.8656
   4.87024
   4.87327
   4.91272
   4.91752
   4.92089
   4.92809
   4.93741
   4.96144
    4.9664
   4.99363
   5.00099
   5.01176
   5.01688
   5.06368
   5.06796
   5.06896
   5.07549
    5.1172
   5.12264
    5.1439
   5.15158
   5.15798
   5.15875
   5.15892
   5.16106
   5.16138
   5.16498
   5.16546
    5.1705
   5.17114
   5.17233
   5.17762
   5.17793
   5.17842
   5.18634
    5.1873
   5.19666
   5.19778
   5.20858
   5.20986
   5.22114
    5.2221
   5.22354
   5.22905
   5.22909
   5.23481
   5.23722
   5.23882
   5.25394
    5.2557
   5.27226
   5.27418
   5.28737
   5.28859
   5.29218
   5.29329
   5.29426
   5.31371
   5.31595
   5.33683
   5.33923
   5.34729
   5.35337
   5.36155
   5.36411
   5.38787
   5.39059
   5.40881
   5.41505
   5.41579
   5.41867
   5.44531
   5.44835
   5.47193
   5.47643
   5.47833
   5.47963
   5.50915
   5.51251
   5.53665
   5.54321
   5.54347
   5.54699
   5.57939
   5.58307
   5.60297
   5.60969
   5.61691
   5.62075
   5.65603
   5.66003
   5.67089
   5.67777
   5.69676
   5.70092
   5.73908
   5.74041
    5.7434
   5.74745
     5.783
   5.78748
   5.81154
   5.81874
   5.82852
   5.83316
   5.87564
   5.88044
   5.88426
   5.89162
   5.92436
   5.92932
   5.95858
    5.9661
   5.97468
    5.9798
    6.0266
   6.03188
    6.0345
   6.04218
   6.08013
   6.08557
   6.11202
   6.11986
   6.13525
   6.14085
    6.1828
   6.19197
   6.19773
   6.25029
   6.25621
   6.31021
   6.31629
   6.35207
   6.35279
   6.35295
   6.35511
   6.35543
   6.35903
   6.35951
   6.36455
   6.36519
   6.37167
   6.37173
   6.37247
   6.37797
   6.38039
   6.38135
   6.39071
   6.39183
   6.40263
   6.40391
   6.41615
   6.41759
   6.43127
   6.43287
   6.43486
   6.44126
   6.44799
   6.44975
   6.46631
   6.46823
   6.48623
   6.48831
   6.49958
   6.50614
   6.50775
   6.50999
   6.53087
   6.53327
   6.55559
   6.55815
    6.5659
   6.57262
   6.58191
   6.58463
   6.60983
   6.61271
   6.63382
   6.63935
    6.6407
   6.64239
   6.67047
   6.67367
   6.70319
   6.70334
   6.70655
   6.71038
   6.73751
   6.74103
   6.77343
   6.77446
   6.77711
   6.78166
   6.81095
   6.81479
   6.84719
   6.85008
   6.85408
   6.85455
    6.8908
   6.89496
   6.92151
   6.92903
   6.93312
   6.93744
   6.97704
   6.98152
   6.99743
   7.00511
   7.02256
    7.0272
   7.06968
   7.07448
   7.07495
   7.08279
    7.1184
   7.12336
   7.14733
   7.16872
   7.17384
   7.22064
   7.22592
   7.27416
    7.2796
   7.32928
   7.33488
   7.38601
   7.39177
   7.44433
   7.45025
   7.50425
   7.51033
   7.56577
   7.57201
   7.62889
   7.63529
   7.69361
   7.70017
   7.75993
   7.76665
   7.82785
   7.83473
   7.89738
   7.90442
    7.9685
    7.9757
   8.04122
   8.04858
   8.11554
   8.12306
   8.19146
   8.19914
   8.26898
   8.27682
   8.34556