   -1.99717
   -1.99152
   -1.98586
   -1.98021
   -1.97456
   -1.96892
   -1.96327
   -1.95763
   -1.95199
   -1.94635
   -1.94071
   -1.93508
   -1.92945
   -1.92382
   -1.91819
   -1.91256
   -1.90694
   -1.90131
   -1.89569
   -1.89007
   -1.88446
   -1.87884
   -1.87323
   -1.86762
   -1.86201
    -1.8564
    -1.8508
    -1.8452
    -1.8396
     -1.834
    -1.8284
   -1.82281
   -1.81721
   -1.81162
   -1.80604
   -1.80045
   -1.79487
   -1.78928
    -1.7837
   -1.77813
   -1.77255
   -1.76698
    -1.7614
   -1.75583
   -1.75027
    -1.7447
   -1.73914
   -1.73358
   -1.72802
   -1.72246
    -1.7169
   -1.71135
    -1.7058
   -1.70025
    -1.6947
   -1.68916
   -1.68361
   -1.67807
   -1.67253
     -1.667
   -1.66146
   -1.65593
    -1.6504
   -1.64487
   -1.63934
   -1.63382
    -1.6283
   -1.62277
   -1.61726
   -1.61174
   -1.60623
   -1.60071
    -1.5952
    -1.5897
   -1.58419
   -1.57869
   -1.57319
   -1.56769
   -1.56219
   -1.55669
    -1.5512
   -1.54571
   -1.54022
   -1.53473
   -1.52925
   -1.52376
   -1.51828
   -1.51281
   -1.50733
   -1.50185
   -1.49638
   -1.49091
   -1.48544
   -1.47998
   -1.47451
   -1.46905
   -1.46359
   -1.45813
   -1.45268
   -1.44723
   -1.44177
   -1.43633
   -1.43088
   -1.42543
   -1.41999
   -1.41455
   -1.40911
   -1.40368
   -1.39824
   -1.39281
   -1.38738
   -1.38195
   -1.37653
    -1.3711
   -1.36568
   -1.36026
   -1.35484
   -1.34943
   -1.34402
   -1.33861
    -1.3332
   -1.32779
   -1.32239
   -1.31698
   -1.31158
   -1.30619
   -1.30079
    -1.2954
      -1.29
   -1.28462
   -1.27923
   -1.27384
   -1.26846
   -1.26308
    -1.2577
   -1.25233
   -1.24695
   -1.24158
   -1.23621
   -1.23084
   -1.22548
   -1.22011
   -1.21475
   -1.20939
   -1.20404
   -1.19868
   -1.19333
   -1.18798
   -1.18263
   -1.17728
   -1.17194
    -1.1666
   -1.16126
   -1.15592
   -1.15059
   -1.14525
   -1.13992
    -1.1346
   -1.12927
   -1.12395
   -1.11862
    -1.1133
   -1.10799
   -1.10267
   -1.09736
   -1.09205
   -1.08674
   -1.08143
   -1.07613
   -1.07083
   -1.06553
   -1.06023
   -1.05493
   -1.04964
   -1.04435
   -1.03906
   -1.03377
   -1.02849
   -1.02321
   -1.01793
   -1.01265
   -1.00738
    -1.0021
  -0.996831
  -0.991563
  -0.986296
  -0.981032
   -0.97577
  -0.970511
  -0.965253
  -0.959998
  -0.954745
  -0.949494
  -0.944246
     -0.939
  -0.933756
  -0.928514
  -0.923274
  -0.918037
  -0.912802
  -0.907569
  -0.902339
  -0.897111
  -0.891885
  -0.886661
   -0.88144
  -0.876221
  -0.871004
  -0.865789
  -0.860577
  -0.855367
  -0.850159
  -0.844954
  -0.839751
   -0.83455
  -0.829351
  -0.824155
  -0.818961
  -0.813769
  -0.808579
  -0.803392
  -0.798207
  -0.793024
  -0.787844
  -0.782666
   -0.77749
  -0.772317
  -0.767146
  -0.761977
  -0.756811
  -0.751646
  -0.746484
  -0.741325
  -0.736168
  -0.731013
   -0.72586
   -0.72071
  -0.715562
  -0.710416
  -0.705273
  -0.700131
  -0.694993
  -0.689856
  -0.684722
  -0.679591
  -0.674461
  -0.669334
  -0.664209
  -0.659087
  -0.653967
  -0.648849
  -0.643734
  -0.638621
   -0.63351
  -0.628402
  -0.623296
  -0.618192
  -0.613091
  -0.607992
  -0.602896
  -0.597801
   -0.59271
   -0.58762
  -0.582533
  -0.577448
  -0.572366
  -0.567286
  -0.562208
  -0.557133
   -0.55206
   -0.54699
  -0.541922
  -0.536856
  -0.531793
  -0.526732
  -0.521673
  -0.516617
  -0.511563
  -0.506512
  -0.501463
  -0.496416
  -0.491372
   -0.48633
  -0.481291
  -0.476254
  -0.471219
  -0.466187
  -0.461157
   -0.45613
  -0.451105
  -0.446082
  -0.441062
  -0.436045
  -0.431029
  -0.426017
  -0.421006
  -0.415998
  -0.410993
   -0.40599
  -0.400989
  -0.395991
  -0.390995
  -0.386002
  -0.381011
  -0.376022
  -0.371036
  -0.366053
  -0.361071
  -0.356093
  -0.351117
  -0.346143
  -0.341172
  -0.336203
  -0.331236
  -0.326272
  -0.321311
  -0.316352
  -0.311396
  -0.306442
   -0.30149
  -0.296541
  -0.291594
   -0.28665
  -0.281709
   -0.27677
  -0.271833
  -0.266899
  -0.261967
  -0.257038
  -0.252111
  -0.247187
  -0.242266
  -0.237346
   -0.23243
  -0.227516
  -0.222604
  -0.217695
  -0.212788
  -0.207884
  -0.202983
  -0.198084
  -0.193187
  -0.188293
  -0.183402
  -0.178513
  -0.173627
  -0.168743
  -0.163861
  -0.158983
  -0.154106
  -0.149233
  -0.144361
  -0.139493
  -0.134627
  -0.129764
  -0.124902
  -0.120046
  -0.115186
  -0.110339
   -0.10548
  -0.100644
  -0.095781
 -0.0909651
 -0.0860871
 -0.0813054
 -0.0763939
 -0.0716733
 -0.0666951
 -0.0620817
 -0.0569814
 -0.0525496
 -0.0472414
  -0.043099
 -0.0374618
 -0.0337427
 -0.0276295
 -0.0244593
 -0.0177329
 -0.0151744
-0.00776322
-0.00578616
 0.00228493
 0.00377847
   0.012414
  0.0135394
   0.022624
  0.0234812
  0.0329133
  0.0335778
  0.0432793
  0.0438048
  0.0537188
  0.0541426
  0.0642285
  0.0645766
  0.0748052
  0.0750959
  0.0854455
   0.085692
  0.0961465
  0.0963582
   0.106905
   0.107089
   0.117719
   0.117881
   0.128586
    0.12873
   0.139504
   0.139632
    0.15047
   0.150585
   0.161482
   0.161586
   0.172539
   0.172634
   0.183639
   0.183726
   0.194781
    0.19486
   0.205962
   0.206035
   0.217181
   0.217249
   0.228437
     0.2285
   0.239729
   0.239788
   0.251054
    0.25111
   0.262413
   0.262465
   0.273804
   0.273852
   0.285225
   0.285271
   0.296676
   0.296719
   0.308156
   0.308196
   0.319663
   0.319701
   0.331196
   0.331233
   0.342755
   0.342789
   0.354338
   0.354371
   0.365945
   0.365976
   0.377574
   0.377604
   0.389226
   0.389254
   0.400898
   0.400925
    0.41259
   0.412616
   0.424301
   0.424327
   0.436031
   0.436055
   0.447778
   0.447801
   0.459542
   0.459564
   0.471322
   0.471343
   0.483116
   0.483137
   0.494926
   0.494945
   0.506748
   0.506767
   0.518584
   0.518602
   0.530431
   0.530449
    0.54229
   0.542307
   0.554159
   0.554176
   0.566038
   0.566054
   0.577927
   0.577942
   0.589823
   0.589838
   0.601728
   0.601742
   0.613639
   0.613653
   0.625557
    0.62557
    0.63748
   0.637493
   0.649408
    0.64942
    0.66134
   0.661352
   0.673276
   0.673288
   0.685214
   0.685226
   0.697155
   0.697166
   0.709097
   0.709108
    0.72104
    0.72105
   0.732983
   0.732993
   0.744925
   0.744935
   0.756866
   0.756876
   0.768806
   0.768815
   0.780743
   0.780752
   0.792676
   0.792685
   0.804606
   0.804615
   0.816532
    0.81654
   0.828452
    0.82846
   0.840366
   0.840374
   0.852274
   0.852282
   0.864175
   0.864183
   0.876069
   0.876076
   0.887954
   0.887961
    0.89983
   0.899837
   0.911696
   0.911703
   0.923552
   0.923559
   0.935397
   0.935403
    0.94723
   0.947237
   0.959052
   0.959058
    0.97086
   0.970866
   0.982655
   0.982661
   0.994436
   0.994442
     1.0062
    1.00621
    1.01795
    1.01796
    1.02969
    1.02969
    1.04141
    1.04141
    1.05311
    1.05311
    1.06479
    1.06479
    1.07645
    1.07646
     1.0881
     1.0881
    1.09972
    1.09973
    1.11133
    1.11133
    1.12291
    1.12292
    1.13447
    1.13448
    1.14601
    1.14602
    1.15753
    1.15754
    1.16902
    1.16903
    1.18049
     1.1805
    1.19194
    1.19194
    1.20335
    1.20336
    1.21475
    1.21475
    1.22611
    1.22611
    1.23745
    1.23745
    1.24876
    1.24876
    1.26004
    1.26004
    1.27129
    1.27129
    1.28251
    1.28251
     1.2937
     1.2937
    1.30485
    1.30486
    1.31598
    1.31598
    1.32707
    1.32708
    1.33813
    1.33813
    1.34916
    1.34916
    1.36015
    1.36015
     1.3711
     1.3711
    1.38202
    1.38202
     1.3929
     1.3929
    1.40374
    1.40375
    1.41455
    1.41455
    1.42531
    1.42532
    1.43604
    1.43604
    1.44673
    1.44673
    1.45737
    1.45737
    1.46797
    1.46797
    1.47853
    1.47853
    1.48905
    1.48905
    1.49952
    1.49952
    1.50995
    1.50995
    1.52033
    1.52033
    1.53066
    1.53066
    1.54095
    1.54095
    1.55119
    1.55119
    1.56138
    1.56138
    1.57152
    1.57152
    1.58161
    1.58161
    1.59164
    1.59164
    1.60163
    1.60163
    1.61156
    1.61156
    1.62144
    1.62144
    1.63126
    1.63126
    1.64103
    1.64103
    1.65074
    1.65074
    1.66039
    1.66039
    1.66998
    1.66999
    1.67952
    1.67952
    1.68899
    1.68899
     1.6984
     1.6984
    1.70775
    1.70775
    1.71703
    1.71703
    1.72625
    1.72625
     1.7354
     1.7354
    1.74449
    1.74449
     1.7535
     1.7535
    1.76244
    1.76245
    1.77132
    1.77132
    1.78012
    1.78012
    1.78884
    1.78884
    1.79749
    1.79749
    1.80606
    1.80606
    1.81455
    1.81456
    1.82297
    1.82297
    1.83129
    1.83129
    1.83954
    1.83954
    1.84769
    1.84769
    1.85576
    1.85576
    1.86373
    1.86373
    1.87161
    1.87162
     1.8794
     1.8794
    1.88708
    1.88708
    1.89467
    1.89467
    1.90214
    1.90214
    1.90951
    1.90951
    1.91676
    1.91676
    1.92389
    1.92389
     1.9309
     1.9309
    1.93777
    1.93777
    1.94451
    1.94451
    1.95111
    1.95111
    1.95755
    1.95755
    1.96383
    1.96383
    1.96992
    1.96992
    1.97582
    1.97582
    1.98149
    1.98149
     1.9869
     1.9869
    1.99198
      1.992
    1.99653
    1.99674
    2.00009
    2.00124
    2.00369
    2.00584
    2.00828
    2.01079
     2.0134
    2.01609
    2.01885
    2.02168
    2.02457
    2.02752
    2.03053
    2.03358
    2.03669
    2.03985
    2.04305
     2.0463
    2.04959
    2.05292
     2.0563
    2.05971
    2.06317
    2.06667
     2.0702
    2.07377
    2.07738
    2.08102
    2.08471
    2.08842
    2.09217
    2.09596
    2.09978
    2.10363
    2.10752
    2.11144
    2.11539
    2.11938
     2.1234
    2.12745
    2.13153
    2.13565
    2.13979
    2.14397
    2.14818
    2.15242
    2.15669
    2.16099
    2.16533
    2.16969
    2.17408
    2.17851
    2.18297
    2.18745
    2.19197
    2.19651
    2.20109
     2.2057
    2.21034
      2.215
     2.2197
    2.22443
    2.22919
    2.23398
     2.2388
    2.24365
    2.24853
    2.25343
    2.25838
    2.26334
    2.26835
    2.27338
    2.27844
    2.28353
    2.28865
    2.29381
    2.29899
    2.30421
    2.30945
    2.31473
    2.32004
    2.32538
    2.33075
    2.33615
    2.34158
    2.34705
    2.35255
    2.35807
    2.36364
    2.36923
    2.37486
    2.38051
     2.3862
    2.39193
    2.39768
    2.40347
    2.40929
    2.41515
    2.42104
    2.42696
    2.43292
    2.43891
    2.44494
    2.45099
    2.45709
    2.46322
    2.46938
    2.47558
    2.48182
    2.48809
     2.4944
    2.50074
    2.50712
    2.51354
    2.51999
    2.52648
    2.53302
    2.53958
    2.54619
    2.55283
    2.55952
    2.56624
      2.573
     2.5798
    2.58664
    2.59352
    2.60045
    2.60741
    2.61442
    2.62146
    2.62856
    2.63569
    2.64287
    2.65008
    2.65735
    2.66466
    2.67201
    2.67941
    2.68686
    2.69434
    2.70188
    2.70946
     2.7171
    2.72478
    2.73251
    2.74029
    2.74812
      2.756
    2.76394
    2.77192
    2.77996
    2.78804
    2.79619
    2.80439
    2.81265
    2.82095
    2.82932
    2.83774
    2.84623
    2.85477
    2.86338
    2.87204
    2.88077
    2.88956
    2.89842
    2.90733
    2.91632
    2.92537
    2.93449
    2.94368
    2.95294
    2.96227
    2.97168
    2.98115
    2.99072
    3.00034
    3.01007
    3.01985
    3.02973
    3.03968
    3.04974
    3.05986
    3.07009
    3.08039
     3.0908
    3.10129
     3.1119
    3.12258
    3.13339
    3.14428
    3.15531
    3.16641
    3.17766
      3.189
    3.20049
    3.21206
     3.2238
    3.23563
    3.24763
    3.25974
    3.27203
    3.28442
    3.29701
    3.30972
    3.32264
    3.33568
    3.34895
    3.36235
      3.376
     3.3898
    3.40387
    3.41809
    3.43262
    3.44731
    3.46235
    3.47757
    3.49318
    3.50899
    3.52523
    3.54171
    3.55869
    3.57594
    3.59377
    3.61192
    3.63078
    3.65001
    3.67012
    3.69069
    3.71239
     3.7347
    3.75855
    3.78326
     3.8103
    3.83872
    3.87148
    3.90721
    3.95939