  -1.99794
  -1.99352
  -1.98813
  -1.98121
  -1.97248
  -1.96188
  -1.94938
    -1.935
  -1.91874
  -1.90062
  -1.88067
  -1.85889
   -1.8353
  -1.80994
  -1.78283
  -1.75399
  -1.72344
  -1.69123
  -1.65738
  -1.62192
  -1.58488
  -1.54631
  -1.50625
  -1.46472
  -1.42177
  -1.37744
  -1.33178
  -1.28482
  -1.23662
  -1.18722
  -1.13666
  -1.08501
   -1.0323
 -0.978588
 -0.923927
 -0.868369
 -0.811968
 -0.754777
 -0.696853
 -0.638252
  -0.57903
 -0.519244
 -0.458953
 -0.398215
 -0.337088
 -0.275631
 -0.213905
 -0.151969
-0.0898817
-0.0277046
 0.0345026
 0.0966797
  0.158767
  0.220703
  0.282429
  0.343886
  0.405013
  0.465751
  0.526042
  0.585828
  0.645049
  0.703651
  0.761574
  0.818765
  0.875166
  0.930724
  0.985385
    1.0391
    1.0918
   1.14346
   1.19401
   1.24341
   1.29162
   1.33857
   1.38423
   1.42856
   1.47151
   1.51304
   1.55311
   1.59167
   1.62871
   1.66416
   1.69802
   1.73023
   1.76077
   1.78961
   1.81672
   1.84208
   1.86566
   1.88743
   1.90738
   1.92549
   1.94173
    1.9561
   1.96856
   1.97911
   1.98772
   1.99431
   1.99933
   2.00078