  -1.85859
  -1.85117
  -1.84685
  -1.83575
  -1.83305
  -1.81817
  -1.81183
  -1.79141
  -1.78431
  -1.75751
  -1.74734
  -1.71278
  -1.70771
  -1.66267
  -1.65684
  -1.60599
  -1.59995
  -1.54247
  -1.53564
  -1.47217
  -1.46468
  -1.39346
  -1.38954
  -1.31326
  -1.30346
  -1.22176
  -1.21732
  -1.12563
  -1.12476
  -1.02892
  -1.02322
 -0.924553
 -0.919912
 -0.815175
 -0.812633
 -0.704096
 -0.699819
 -0.588599
 -0.584914
 -0.471296
 -0.465974
 -0.351173
 -0.344382
 -0.226569
 -0.224048
 -0.102739
-0.0996259
 0.0237104
 0.0239401
  0.148737
   0.15021
  0.274858
  0.275365
  0.398358
  0.401984
  0.522654
   0.52591
  0.643584
  0.649935
   0.76502
  0.770123
  0.883688
  0.887744
  0.998538
   1.00335
   1.11168
   1.11403
   1.21886
   1.22354
     1.322
   1.32802
   1.42369
    1.4246
   1.51559
   1.52152
   1.60317
   1.61153
   1.68836
   1.69262
    1.7649
   1.76976
   1.83371
   1.84206
   1.89911
   1.90492
   1.95434
   1.96315
   2.00608
   2.01263
   2.04828
   2.05471
   2.08276
   2.08882
   2.11105
   2.11654
   2.13304
   2.13721
   2.14573
   2.15002
   2.15607