   -1.8963
   -1.8852
  -1.86676
  -1.84103
  -1.80813
  -1.76818
  -1.72132
  -1.66776
  -1.60768
  -1.54134
    -1.469
  -1.39096
  -1.30755
  -1.21916
  -1.12626
   -1.0295
 -0.930522
 -0.896073
 -0.884501
 -0.865849
 -0.842375
 -0.825095
 -0.800741
 -0.763324
 -0.726526
 -0.701334
 -0.657516
 -0.612556
 -0.581089
 -0.528892
 -0.484892
 -0.442895
 -0.385053
 -0.345656
 -0.286726
 -0.238297
 -0.185507
 -0.126833
-0.0790313
-0.0139988
 0.0327802
       0.1
  0.148696
  0.215584
  0.267212
  0.332904
  0.387167
  0.451754
  0.507739
  0.571713
  0.628287
  0.692261
  0.748246
  0.812833
  0.867096
  0.932788
  0.984416
    1.0513
       1.1
   1.16722
     1.214
   1.27903
   1.32683
   1.38551
    1.4383
   1.48673
   1.54566
   1.58505
    1.6429
   1.68489
   1.72889
   1.78109
   1.81256
   1.85752
   1.90133
   1.92653
   1.96332
   2.00074
    2.0251
   2.04238
   2.06585
    2.0845
   2.09607
   2.13052
    2.2295
   2.32626
   2.41916
   2.50755
   2.59096
     2.669
   2.74134
   2.80768
   2.86776
   2.92132
   2.96818
   3.00813
   3.04103
   3.06676
    3.0852
    3.0963