  -101.896
  -101.885
  -101.866
   -101.84
  -101.806
  -101.765
  -101.717
  -101.662
  -101.601
  -101.533
  -101.458
  -101.378
  -101.292
  -101.201
  -101.106
  -101.005
    -100.9
  -100.792
   -100.68
  -100.565
  -100.448
  -100.328
  -100.207
  -100.085
   -99.962
  -99.8388
  -99.7159
  -99.5936
  -99.4725
   -99.353
  -99.2356
  -99.1208
  -99.0088
  -98.9003
  -98.7955
   -98.695
   -98.599
  -98.5079
  -98.4222
   -98.342
  -98.2677
  -98.1997
  -98.1381
  -98.0831
  -98.0351
  -97.9942
  -97.9604
  -97.9341
  -97.9152
  -97.9038
  -1.89621
  -1.88484
  -1.86593
  -1.83957
  -1.80585
  -1.76489
  -1.71686
  -1.66194
  -1.60032
  -1.53226
  -1.45801
  -1.37784
  -1.29206
  -1.20101
  -1.10502
  -1.00446
 -0.899704
 -0.791161
 -0.679238
  -0.56436
 -0.446962
 -0.327491
   -0.2064
-0.0841475
 0.0388018
  0.161982
  0.284925
  0.407166
   0.52824
  0.647688
  0.765057
  0.879903
   0.99179
   1.10029
     1.205
   1.30552
   1.40146
   1.49247
   1.57819
   1.65831
   1.73252
   1.80054
   1.86211
     1.917
     1.965
   2.00592
   2.03962
   2.06596
   2.08485
   2.09621