  -1.89903
  -1.89613
   -1.8913
  -1.88454
  -1.87586
  -1.86527
  -1.85278
   -1.8384
  -1.82214
  -1.80403
  -1.78407
  -1.76229
  -1.73871
  -1.71335
  -1.68623
  -1.65739
  -1.62684
  -1.59463
  -1.56078
  -1.52532
  -1.48828
  -1.44971
  -1.40965
  -1.36812
  -1.32517
  -1.28084
  -1.23518
  -1.18822
  -1.14002
  -1.09062
  -1.04006
 -0.988408
 -0.935699
 -0.881988
 -0.827327
 -0.771769
 -0.715367
 -0.658177
 -0.600253
 -0.541652
 -0.482429
 -0.422644
 -0.362353
 -0.301614
 -0.240487
 -0.179031
 -0.117304
-0.0553677
0.00671922
 0.0688964
  0.131104
  0.193281
  0.255368
  0.317304
  0.379031
  0.440487
  0.501614
  0.562353
  0.622644
  0.682429
  0.741652
  0.800253
  0.858177
  0.915367
  0.971769
   1.02733
   1.08199
    1.1357
   1.18841
   1.24006
   1.29062
   1.34002
   1.38822
   1.43518
   1.48084
   1.52517
   1.56812
   1.60965
   1.64971
   1.68828
   1.72532
   1.76078
   1.79463
   1.82684
   1.85739
   1.88623
   1.91335
   1.93871
   1.96229
   1.98407
   2.00403
   2.02214
    2.0384
   2.05278
   2.06527
   2.07586
   2.08454
    2.0913
   2.09613
   2.09903