   -1.89996
   -1.89984
   -1.89965
   -1.89937
   -1.89902
   -1.89859
   -1.89808
   -1.89749
   -1.89683
   -1.89608
   -1.89526
   -1.89436
   -1.89338
   -1.89232
   -1.89119
   -1.88997
   -1.88868
   -1.88731
   -1.88586
   -1.88434
   -1.88273
   -1.88105
    -1.8793
   -1.87746
   -1.87555
   -1.87356
   -1.87149
   -1.86934
   -1.86712
   -1.86482
   -1.86244
   -1.85999
   -1.85746
   -1.85485
   -1.85216
    -1.8494
   -1.84657
   -1.84365
   -1.84066
    -1.8376
   -1.83446
   -1.83124
   -1.82794
   -1.82458
   -1.82113
   -1.81761
   -1.81402
   -1.81035
    -1.8066
   -1.80278
   -1.79889
   -1.79492
   -1.79088
   -1.78676
   -1.78257
    -1.7783
   -1.77397
   -1.76955
   -1.76507
   -1.76051
   -1.75588
   -1.75117
    -1.7464
   -1.74155
   -1.73663
   -1.73163
   -1.72657
   -1.72143
   -1.71622
   -1.71095
   -1.70559
   -1.70017
   -1.69468
   -1.68912
   -1.68349
   -1.67779
   -1.67201
   -1.66617
   -1.66026
   -1.65428
   -1.64823
   -1.64212
   -1.63593
   -1.62968
   -1.62336
   -1.61697
   -1.61051
   -1.60399
    -1.5974
   -1.59075
   -1.58402
   -1.57723
   -1.57038
   -1.56346
   -1.55647
   -1.54943
   -1.54231
   -1.53513
   -1.52789
   -1.52058
   -1.51321
   -1.50578
   -1.49828
   -1.49072
    -1.4831
   -1.47542
   -1.46767
   -1.45986
     -1.452
   -1.44407
   -1.43608
   -1.42803
   -1.41992
   -1.41175
   -1.40352
   -1.39523
   -1.38689
   -1.37848
   -1.37002
    -1.3615
   -1.35292
   -1.34429
    -1.3356
   -1.32685
   -1.31805
   -1.30919
   -1.30028
   -1.29131
   -1.28228
   -1.27321
   -1.26408
   -1.25489
   -1.24565
   -1.23636
   -1.22702
   -1.21762
   -1.20818
   -1.19868
   -1.18913
   -1.17953
   -1.16988
   -1.16018
   -1.15044
   -1.14064
   -1.13079
    -1.1209
   -1.11095
   -1.10097
   -1.09093
   -1.08084
   -1.07072
   -1.06054
   -1.05032
   -1.04005
   -1.02974
   -1.01939
   -1.00899
  -0.998546
   -0.98806
  -0.977532
  -0.966962
   -0.95635
  -0.945697
  -0.935003
  -0.924268
  -0.913493
  -0.902678
  -0.891824
  -0.880932
  -0.870001
  -0.859032
  -0.848025
  -0.836981
  -0.825901
  -0.814784
  -0.803632
  -0.792444
  -0.781221
  -0.769964
  -0.758673
  -0.747348
   -0.73599
  -0.724599
  -0.713177
  -0.701722
  -0.690236
  -0.678719
  -0.667172
  -0.655594
  -0.643988
  -0.632352
  -0.620687
  -0.608995
  -0.597275
  -0.585527
  -0.573753
  -0.561952
  -0.550126
  -0.538275
  -0.526398
  -0.514497
  -0.502573
  -0.490625
  -0.478653
   -0.46666
  -0.454644
  -0.442607
  -0.430549
   -0.41847
  -0.406372
  -0.394253
  -0.382116
   -0.36996
  -0.357786
  -0.345594
  -0.333385
   -0.32116
  -0.308918
  -0.296661
  -0.284388
  -0.272101
    -0.2598
  -0.247486
  -0.235158
  -0.222818
  -0.210466
  -0.198102
  -0.185727
  -0.173342
  -0.160948
  -0.148543
   -0.13613
  -0.123709
  -0.111281
 -0.0988452
 -0.0864033
 -0.0739557
 -0.0615032
 -0.0490465
 -0.0365863
 -0.0241235
  -0.011659
0.000806079
  0.0132705
  0.0257326
  0.0381904
   0.050641
  0.0630799
  0.0754985
  0.0878757
        0.1
   0.100066
   0.100158
   0.100386
   0.100631
   0.101018
    0.10142
   0.101965
   0.102523
   0.103227
   0.103938
   0.104803
   0.105663
   0.106692
   0.107689
   0.108894
    0.10998
   0.111405
   0.112103
   0.113291
   0.114223
   0.115911
   0.117338
   0.119147
   0.120715
   0.122724
   0.124006
   0.125693
   0.126609
    0.12893
   0.130768
   0.133192
   0.135035
   0.137737
   0.137817
   0.140687
   0.142717
   0.145582
   0.147636
    0.15049
    0.15093
   0.154191
   0.156519
   0.159838
   0.161551
   0.164123
   0.165894
    0.16948
   0.171959
   0.175567
   0.175925
    0.17989
   0.182562
   0.186631
   0.187474
   0.191077
   0.193726
   0.198007
   0.199539
   0.202949
   0.205513
   0.210038
   0.211848
   0.215352
   0.217927
   0.222706
   0.224462
   0.228205
   0.230953
   0.235996
   0.237338
   0.241544
   0.244555
   0.249898
   0.250389
   0.255468
   0.258644
   0.263612
   0.264398
   0.270049
   0.272981
   0.277224
   0.279455
    0.28529
   0.287095
   0.291734
   0.294948
   0.300873
    0.30115
   0.307384
   0.310435
   0.315017
   0.317521
   0.323911
   0.325059
    0.33065
   0.334038
   0.339277
   0.341047
   0.347726
   0.349545
   0.354916
   0.358356
   0.364035
   0.365564
   0.372536
   0.374414
   0.380002
   0.383486
   0.389176
   0.391043
   0.398297
   0.399656
   0.405885
   0.409315
   0.414763
   0.417415
   0.424984
   0.425171
   0.432661
   0.435517
   0.441076
    0.44451
   0.450982
   0.452548
   0.460408
   0.461673
   0.468533
   0.471836
   0.477537
   0.480782
   0.487821
   0.489059
   0.497237
    0.49861
    0.50567
   0.508936
   0.514843
   0.518244
   0.525108
   0.526894
   0.535381
   0.535959
   0.543998
   0.546669
   0.553064
   0.556664
   0.562964
   0.565896
   0.573648
    0.57477
   0.583593
   0.584611
   0.592575
   0.595374
   0.601958
   0.605564
   0.612008
   0.615145
   0.622702
    0.62439
   0.633544
    0.63371
   0.642768
   0.644705
   0.652208
   0.655415
   0.662041
   0.665662
   0.672399
   0.675487
   0.683211
   0.685074
   0.694264
   0.694585
   0.704129
   0.705358
   0.713793
   0.716336
   0.723673
   0.727067
   0.733864
   0.737485
   0.744415
   0.747629
   0.755271
   0.757602
   0.766318
   0.767502
   0.777396
   0.777447
   0.787337
   0.788576
   0.797366
   0.799637
   0.807523
   0.810579
   0.817847
   0.821365
   0.828365
   0.831988
   0.839076
   0.842473
   0.849953
   0.852862
   0.860949
   0.863197
   0.872021
   0.873512
   0.883131
   0.883832
   0.894175
   0.894253
   0.904554
   0.905368
   0.914979
   0.916461
   0.925455
   0.927523
   0.935989
   0.938549
   0.946581
   0.949535
   0.957233
   0.960482
   0.967941
   0.971393
   0.978701
   0.982273
   0.989505
   0.993129
    1.00035
    1.00397
    1.01122
     1.0148
    1.02211
    1.02562
    1.03301
    1.03644
    1.04393
    1.04727
    1.05484
     1.0581
    1.06575
    1.06895
    1.07666
    1.07981
    1.08756
    1.09067
    1.09845
    1.10155
    1.10933
    1.11244
    1.12019
    1.12334
    1.13105
    1.13425
     1.1419
    1.14516
    1.15273
    1.15607
    1.16356
    1.16699
    1.17438
    1.17789
     1.1852
    1.18878
    1.19603
    1.19965
    1.20687
    1.21049
    1.21773
     1.2213
    1.22861
    1.23206
    1.23952
    1.24277
    1.25047
    1.25342
    1.26145
    1.26401
    1.27248
    1.27454
    1.28354
    1.28502
    1.29463
    1.29545
    1.30575
    1.30582
    1.31617
    1.31687
    1.32649
    1.32798
     1.3368
    1.33905
    1.34714
    1.35005
    1.35753
    1.36092
    1.36801
    1.37164
    1.37864
    1.38215
    1.38942
    1.39248
    1.40036
    1.40263
    1.41142
    1.41266
    1.42255
     1.4226
     1.4325
    1.43368
     1.4424
    1.44473
    1.45237
    1.45559
    1.46251
    1.46614
    1.47293
    1.47633
    1.48366
    1.48621
    1.49464
    1.49587
    1.50542
    1.50574
    1.51493
    1.51679
    1.52451
     1.5276
    1.53434
    1.53796
    1.54458
    1.54779
     1.5553
    1.55723
    1.56629
    1.56646
    1.57561
     1.5773
    1.58486
    1.58799
    1.59444
    1.59804
    1.60463
    1.60743
    1.61539
    1.61641
    1.62523
    1.62635
     1.6341
    1.63704
    1.64334
    1.64694
    1.65333
      1.656
    1.66404
    1.66462
    1.67311
    1.67489
    1.68176
    1.68516
    1.69106
    1.69433
    1.70139
    1.70276
    1.71094
    1.71218
    1.71922
    1.72246
    1.72816
    1.73147
    1.73833
    1.73959
    1.74745
    1.74902
    1.75549
    1.75892
    1.76448
    1.76734
    1.77483
    1.77502
    1.78259
    1.78524
    1.79069
    1.79412
    1.80034
     1.8017
    1.80896
    1.81082
    1.81651
       1.82
    1.82559
    1.82746
    1.83444
    1.83596
    1.84164
    1.84508
    1.85046
    1.85227
    1.85895
    1.86072
    1.86596
    1.86935
    1.87494
    1.87609
    1.88248
    1.88498
    1.88956
    1.89262
    1.89885
    1.89913
    1.90505
    1.90827
     1.9129
    1.91471
    1.92054
    1.92278
    1.92702
    1.92995
     1.9356
    1.93639
    1.94136
    1.94453
    1.94961
     1.9501
    1.95545
    1.95846
    1.96266
      1.964
    1.96905
     1.9718
    1.97554
    1.97729
    1.98207
    1.98465
    1.98815
    1.98996
    1.99449
    1.99705
    2.00046
    2.00199
    2.00627
    2.00892
    2.01253
    2.01337
    2.01744
    2.02011
    2.02408
    2.02443
    2.02804
    2.03052
    2.03411
    2.03588
    2.03845
    2.04016
    2.04348
    2.04581
    2.04907
    2.04951
    2.05236
    2.05442
    2.05728
    2.05931
    2.06218
    2.06226
    2.06496
    2.06681
    2.06923
    2.07107
    2.07339
    2.07431
    2.07599
    2.07728
    2.07928
    2.08085
    2.08266
    2.08409
    2.08578
    2.08671
     2.0879
    2.08859
    2.09002
    2.09111
    2.09231
    2.09331
    2.09434
     2.0952
    2.09606
    2.09677
    2.09748
    2.09803
    2.09858
    2.09898
    2.09937
    2.09961
    2.09984
    2.09993
        2.1
    2.11212
     2.1245
    2.13692
    2.14936
    2.16181
    2.17427
    2.18673
    2.19919
    2.21166
    2.22412
    2.23659
    2.24905
     2.2615
    2.27396
     2.2864
    2.29885
    2.31128
    2.32371
    2.33613
    2.34854
    2.36095
    2.37334
    2.38573
     2.3981
    2.41047
    2.42282
    2.43516
    2.44749
     2.4598
     2.4721
    2.48439
    2.49666
    2.50892
    2.52116
    2.53339
    2.54559
    2.55779
    2.56996
    2.58212
    2.59425
    2.60637
    2.61847
    2.63055
    2.64261
    2.65464
    2.66666
    2.67865
    2.69062
    2.70257
     2.7145
     2.7264
    2.73827
    2.75013
    2.76195
    2.77375
    2.78553
    2.79727
    2.80899
    2.82069
    2.83235
    2.84399
    2.85559
    2.86717
    2.87872
    2.89024
    2.90172
    2.91318
     2.9246
    2.93599
    2.94735
    2.95867
    2.96996
    2.98122
    2.99244
    3.00363
    3.01478
     3.0259
    3.03698
    3.04802
    3.05903
       3.07
    3.08093
    3.09182
    3.10268
    3.11349
    3.12427
      3.135
     3.1457
    3.15635
    3.16696
    3.17753
    3.18806
    3.19855
    3.20899
    3.21939
    3.22974
    3.24005
    3.25032
    3.26054
    3.27072
    3.28084
    3.29093
    3.30097
    3.31095
     3.3209
    3.33079
    3.34064
    3.35044
    3.36018
    3.36988
    3.37953
    3.38913
    3.39868
    3.40818
    3.41762
    3.42702
    3.43636
    3.44565
    3.45489
    3.46408
    3.47321
    3.48228
    3.49131
    3.50028
    3.50919
    3.51805
    3.52685
     3.5356
    3.54429
    3.55292
     3.5615
    3.57002
    3.57848
    3.58689
    3.59523
    3.60352
    3.61175
    3.61992
    3.62803
    3.63608
    3.64407
      3.652
    3.65986
    3.66767
    3.67542
     3.6831
    3.69072
    3.69828
    3.70578
    3.71321
    3.72058
    3.72789
    3.73513
    3.74231
    3.74943
    3.75647
    3.76346
    3.77038
    3.77723
    3.78402
    3.79075
     3.7974
    3.80399
    3.81051
    3.81697
    3.82336
    3.82968
    3.83593
    3.84212
    3.84823
    3.85428
    3.86026
    3.86617
    3.87201
    3.87779
    3.88349
    3.88912
    3.89468
    3.90017
    3.90559
    3.91095
    3.91622
    3.92143
    3.92657
    3.93163
    3.93663
    3.94155
     3.9464
    3.95117
    3.95588
    3.96051
    3.96507
    3.96955
    3.97397
     3.9783
    3.98257
    3.98676
    3.99088
    3.99492
    3.99889
    4.00278
     4.0066
    4.01035
    4.01402
    4.01761
    4.02113
    4.02458
    4.02794
    4.03124
    4.03446
     4.0376
    4.04066
    4.04365
    4.04657
     4.0494
    4.05216
    4.05485
    4.05746
    4.05999
    4.06244
    4.06482
    4.06712
    4.06934
    4.07149
    4.07356
    4.07555
    4.07746
     4.0793
    4.08105
    4.08273
    4.08434
    4.08586
    4.08731
    4.08868
    4.08997
    4.09119
    4.09232
    4.09338
    4.09436
    4.09526
    4.09608
    4.09683
    4.09749
    4.09808
    4.09859
    4.09902
    4.09937
    4.09965
    4.09984
    4.09996