        -1.9
    -1.89996
    -1.89996
    -1.89984
    -1.89984
    -1.89964
    -1.89964
    -1.89937
    -1.89937
    -1.89901
    -1.89901
    -1.89858
    -1.89858
    -1.89807
    -1.89807
    -1.89747
    -1.89747
     -1.8968
     -1.8968
    -1.89605
    -1.89605
    -1.89523
    -1.89523
    -1.89432
    -1.89432
    -1.89333
    -1.89333
    -1.89227
    -1.89227
    -1.89112
    -1.89112
     -1.8899
     -1.8899
     -1.8886
     -1.8886
    -1.88722
    -1.88722
    -1.88577
    -1.88577
    -1.88423
    -1.88423
    -1.88262
    -1.88262
    -1.88092
    -1.88092
    -1.87915
    -1.87915
     -1.8773
     -1.8773
    -1.87538
    -1.87538
    -1.87337
    -1.87337
    -1.87129
    -1.87129
    -1.86913
    -1.86913
    -1.86689
    -1.86689
    -1.86457
    -1.86457
    -1.86218
    -1.86218
    -1.85971
    -1.85971
    -1.85716
    -1.85716
    -1.85454
    -1.85454
    -1.85183
    -1.85183
    -1.84905
    -1.84905
     -1.8462
     -1.8462
    -1.84326
    -1.84326
    -1.84025
    -1.84025
    -1.83717
    -1.83717
      -1.834
      -1.834
    -1.83076
    -1.83076
    -1.82745
    -1.82745
    -1.82406
    -1.82406
    -1.82059
    -1.82059
    -1.81704
    -1.81704
    -1.81342
    -1.81342
    -1.80973
    -1.80973
    -1.80596
    -1.80596
    -1.80211
    -1.80211
    -1.79819
    -1.79819
     -1.7942
     -1.7942
    -1.79013
    -1.79013
    -1.78598
    -1.78598
    -1.78176
    -1.78176
    -1.77747
    -1.77747
     -1.7731
     -1.7731
    -1.76866
    -1.76866
    -1.76414
    -1.76414
    -1.75955
    -1.75955
    -1.75489
    -1.75489
    -1.75015
    -1.75015
    -1.74535
    -1.74535
    -1.74046
    -1.74046
    -1.73551
    -1.73551
    -1.73048
    -1.73048
    -1.72538
    -1.72538
    -1.72021
    -1.72021
    -1.71497
    -1.71497
    -1.70965
    -1.70965
    -1.70427
    -1.70427
    -1.69881
    -1.69881
    -1.69328
    -1.69328
    -1.68768
    -1.68768
    -1.68201
    -1.68201
    -1.67627
    -1.67627
    -1.67046
    -1.67046
    -1.66458
    -1.66458
    -1.65863
    -1.65863
    -1.65261
    -1.65261
    -1.64652
    -1.64652
    -1.64037
    -1.64037
    -1.63414
    -1.63414
    -1.62785
    -1.62785
    -1.62148
    -1.62148
    -1.61505
    -1.61505
    -1.60855
    -1.60855
    -1.60199
    -1.60199
    -1.59536
    -1.59536
    -1.58866
    -1.58866
    -1.58189
    -1.58189
    -1.57506
    -1.57506
    -1.56816
    -1.56816
    -1.56119
    -1.56119
    -1.55416
    -1.55416
    -1.54707
    -1.54707
     -1.5399
     -1.5399
    -1.53268
    -1.53268
    -1.52539
    -1.52539
    -1.51803
    -1.51803
    -1.51062
    -1.51062
    -1.50313
    -1.50313
    -1.49559
    -1.49559
    -1.48798
    -1.48798
    -1.48031
    -1.48031
    -1.47258
    -1.47258
    -1.46478
    -1.46478
    -1.45692
    -1.45692
    -1.44901
    -1.44901
    -1.44103
    -1.44103
    -1.43299
    -1.43299
    -1.42489
    -1.42489
    -1.41672
    -1.41672
     -1.4085
     -1.4085
    -1.40022
    -1.40022
    -1.39188
    -1.39188
    -1.38348
    -1.38348
    -1.37503
    -1.37503
    -1.36651
    -1.36651
    -1.35794
    -1.35794
    -1.34931
    -1.34931
    -1.34062
    -1.34062
    -1.33187
    -1.33187
    -1.32307
    -1.32307
    -1.31421
    -1.31421
     -1.3053
     -1.3053
    -1.29633
    -1.29633
    -1.28731
    -1.28731
    -1.27823
    -1.27823
    -1.26909
    -1.26909
    -1.25991
    -1.25991
    -1.25067
    -1.25067
    -1.24137
    -1.24137
    -1.23202
    -1.23202
    -1.22262
    -1.22262
    -1.21317
    -1.21317
    -1.20367
    -1.20367
    -1.19411
    -1.19411
    -1.18451
    -1.18451
    -1.17485
    -1.17485
    -1.16514
    -1.16514
    -1.15538
    -1.15538
    -1.14558
    -1.14558
    -1.13572
    -1.13572
    -1.12581
    -1.12581
    -1.11586
    -1.11586
    -1.10586
    -1.10586
    -1.09581
    -1.09581
    -1.08571
    -1.08571
    -1.07557
    -1.07557
    -1.06538
    -1.06538
    -1.05515
    -1.05515
    -1.04486
    -1.04486
    -1.03454
    -1.03454
    -1.02417
    -1.02417
    -1.01375
    -1.01375
    -1.00329
    -1.00329
   -0.992789
   -0.992789
   -0.982243
   -0.982243
   -0.971654
   -0.971654
   -0.961022
   -0.961022
   -0.950349
   -0.950349
   -0.939635
   -0.939635
   -0.928879
   -0.928879
   -0.918083
   -0.918083
   -0.907246
   -0.907246
    -0.89637
    -0.89637
   -0.885455
   -0.885455
     -0.8745
     -0.8745
   -0.863507
   -0.863507
   -0.852476
   -0.852476
   -0.841408
   -0.841408
   -0.830302
   -0.830302
    -0.81916
    -0.81916
   -0.807981
   -0.807981
   -0.796766
   -0.796766
   -0.785516
   -0.785516
   -0.774232
   -0.774232
   -0.762912
   -0.762912
   -0.751559
   -0.751559
   -0.740171
   -0.740171
   -0.728751
   -0.728751
   -0.717298
   -0.717298
   -0.705813
   -0.705813
   -0.694296
   -0.694296
   -0.682747
   -0.682747
   -0.671168
   -0.671168
   -0.659558
   -0.659558
   -0.647918
   -0.647918
   -0.636249
   -0.636249
   -0.624551
   -0.624551
   -0.612824
   -0.612824
   -0.601069
   -0.601069
   -0.589286
   -0.589286
   -0.577476
   -0.577476
   -0.565639
   -0.565639
   -0.553776
   -0.553776
   -0.541887
   -0.541887
   -0.529973
   -0.529973
   -0.518034
   -0.518034
   -0.506071
   -0.506071
   -0.494083
   -0.494083
   -0.482072
   -0.482072
   -0.470039
   -0.470039
   -0.457982
   -0.457982
   -0.445904
   -0.445904
   -0.433804
   -0.433804
   -0.421683
   -0.421683
   -0.409541
   -0.409541
    -0.39738
    -0.39738
   -0.385198
   -0.385198
   -0.372998
   -0.372998
   -0.360779
   -0.360779
   -0.348542
   -0.348542
   -0.336286
   -0.336286
   -0.324014
   -0.324014
   -0.311725
   -0.311725
    -0.29942
    -0.29942
   -0.287099
   -0.287099
   -0.274763
   -0.274763
   -0.262412
   -0.262412
   -0.250046
   -0.250046
   -0.237667
   -0.237667
   -0.225274
   -0.225274
   -0.212869
   -0.212869
   -0.200451
   -0.200451
   -0.188022
   -0.188022
   -0.175581
   -0.175581
   -0.163129
   -0.163129
   -0.150666
   -0.150666
   -0.138194
   -0.138194
   -0.125713
   -0.125713
   -0.113222
   -0.113222
   -0.100723
   -0.100723
  -0.0882166
  -0.0882166
  -0.0757024
  -0.0757024
  -0.0631812
  -0.0631812
  -0.0506536
  -0.0506536
  -0.0381201
  -0.0381201
   -0.025581
   -0.025581
  -0.0130371
  -0.0130371
-0.000488636
-0.000488636
   0.0120638
   0.0120638
   0.0246196
   0.0246196
   0.0371785
   0.0371785
   0.0497398
   0.0497398
   0.0623031
   0.0623031
   0.0748679
   0.0748679
   0.0874337
   0.0874337
         0.1
         0.1
    0.112566
    0.112566
    0.125132
    0.125132
    0.137697
    0.137697
     0.15026
     0.15026
    0.162822
    0.162822
     0.17538
     0.17538
    0.187936
    0.187936
    0.200489
    0.200489
    0.213037
    0.213037
    0.225581
    0.225581
     0.23812
     0.23812
    0.250654
    0.250654
    0.263181
    0.263181
    0.275702
    0.275702
    0.288217
    0.288217
    0.300723
    0.300723
    0.313222
    0.313222
    0.325713
    0.325713
    0.338194
    0.338194
    0.350666
    0.350666
    0.363129
    0.363129
    0.375581
    0.375581
    0.388022
    0.388022
    0.400451
    0.400451
    0.412869
    0.412869
    0.425274
    0.425274
    0.437667
    0.437667
    0.450046
    0.450046
    0.462412
    0.462412
    0.474763
    0.474763
    0.487099
    0.487099
     0.49942
     0.49942
    0.511725
    0.511725
    0.524014
    0.524014
    0.536286
    0.536286
    0.548542
    0.548542
    0.560779
    0.560779
    0.572998
    0.572998
    0.585198
    0.585198
     0.59738
     0.59738
    0.609541
    0.609541
    0.621683
    0.621683
    0.633804
    0.633804
    0.645904
    0.645904
    0.657982
    0.657982
    0.670039
    0.670039
    0.682072
    0.682072
    0.694083
    0.694083
    0.706071
    0.706071
    0.718034
    0.718034
    0.729973
    0.729973
    0.741887
    0.741887
    0.753776
    0.753776
    0.765639
    0.765639
    0.777476
    0.777476
    0.789286
    0.789286
    0.801069
    0.801069
    0.812824
    0.812824
    0.824551
    0.824551
    0.836249
    0.836249
    0.847918
    0.847918
    0.859558
    0.859558
    0.871168
    0.871168
    0.882747
    0.882747
    0.894296
    0.894296
    0.905813
    0.905813
    0.917298
    0.917298
    0.928751
    0.928751
    0.940171
    0.940171
    0.951559
    0.951559
    0.962912
    0.962912
    0.974232
    0.974232
    0.985516
    0.985516
    0.996766
    0.996766
     1.00798
     1.00798
     1.01916
     1.01916
      1.0303
      1.0303
     1.04141
     1.04141
     1.05248
     1.05248
     1.06351
     1.06351
      1.0745
      1.0745
     1.08545
     1.08545
     1.09637
     1.09637
     1.10725
     1.10725
     1.11808
     1.11808
     1.12888
     1.12888
     1.13963
     1.13963
     1.15035
     1.15035
     1.16102
     1.16102
     1.17165
     1.17165
     1.18224
     1.18224
     1.19279
     1.19279
     1.20329
     1.20329
     1.21375
     1.21375
     1.22417
     1.22417
     1.23454
     1.23454
     1.24486
     1.24486
     1.25515
     1.25515
     1.26538
     1.26538
     1.27557
     1.27557
     1.28571
     1.28571
     1.29581
     1.29581
     1.30586
     1.30586
     1.31586
     1.31586
     1.32581
     1.32581
     1.33572
     1.33572
     1.34558
     1.34558
     1.35538
     1.35538
     1.36514
     1.36514
     1.37485
     1.37485
     1.38451
     1.38451
     1.39411
     1.39411
     1.40367
     1.40367
     1.41317
     1.41317
     1.42262
     1.42262
     1.43202
     1.43202
     1.44137
     1.44137
     1.45067
     1.45067
     1.45991
     1.45991
     1.46909
     1.46909
     1.47823
     1.47823
     1.48731
     1.48731
     1.49633
     1.49633
      1.5053
      1.5053
     1.51421
     1.51421
     1.52307
     1.52307
     1.53187
     1.53187
     1.54062
     1.54062
     1.54931
     1.54931
     1.55794
     1.55794
     1.56651
     1.56651
     1.57503
     1.57503
     1.58348
     1.58348
     1.59188
     1.59188
     1.60022
     1.60022
      1.6085
      1.6085
     1.61672
     1.61672
     1.62489
     1.62489
     1.63299
     1.63299
     1.64103
     1.64103
     1.64901
     1.64901
     1.65692
     1.65692
     1.66478
     1.66478
     1.67258
     1.67258
     1.68031
     1.68031
     1.68798
     1.68798
     1.69559
     1.69559
     1.70313
     1.70313
     1.71062
     1.71062
     1.71803
     1.71803
     1.72539
     1.72539
     1.73268
     1.73268
      1.7399
      1.7399
     1.74707
     1.74707
     1.75416
     1.75416
     1.76119
     1.76119
     1.76816
     1.76816
     1.77506
     1.77506
     1.78189
     1.78189
     1.78866
     1.78866
     1.79536
     1.79536
     1.80199
     1.80199
     1.80855
     1.80855
     1.81505
     1.81505
     1.82148
     1.82148
     1.82785
     1.82785
     1.83414
     1.83414
     1.84037
     1.84037
     1.84652
     1.84652
     1.85261
     1.85261
     1.85863
     1.85863
     1.86458
     1.86458
     1.87046
     1.87046
     1.87627
     1.87627
     1.88201
     1.88201
     1.88768
     1.88768
     1.89328
     1.89328
     1.89881
     1.89881
     1.90427
     1.90427
     1.90965
     1.90965
     1.91497
     1.91497
     1.92021
     1.92021
     1.92538
     1.92538
     1.93048
     1.93048
     1.93551
     1.93551
     1.94046
     1.94046
     1.94535
     1.94535
     1.95015
     1.95015
     1.95489
     1.95489
     1.95955
     1.95955
     1.96414
     1.96414
     1.96866
     1.96866
      1.9731
      1.9731
     1.97747
     1.97747
     1.98176
     1.98176
     1.98598
     1.98598
     1.99013
     1.99013
      1.9942
      1.9942
     1.99819
     1.99819
     2.00211
     2.00211
     2.00596
     2.00596
     2.00973
     2.00973
     2.01342
     2.01342
     2.01704
     2.01704
     2.02059
     2.02059
     2.02406
     2.02406
     2.02745
     2.02745
     2.03076
     2.03076
       2.034
       2.034
     2.03717
     2.03717
     2.04025
     2.04025
     2.04326
     2.04326
      2.0462
      2.0462
     2.04905
     2.04905
     2.05183
     2.05183
     2.05454
     2.05454
     2.05716
     2.05716
     2.05971
     2.05971
     2.06218
     2.06218
     2.06457
     2.06457
     2.06689
     2.06689
     2.06913
     2.06913
     2.07129
     2.07129
     2.07337
     2.07337
     2.07538
     2.07538
      2.0773
      2.0773
     2.07915
     2.07915
     2.08092
     2.08092
     2.08262
     2.08262
     2.08423
     2.08423
     2.08577
     2.08577
     2.08722
     2.08722
      2.0886
      2.0886
      2.0899
      2.0899
     2.09112
     2.09112
     2.09227
     2.09227
     2.09333
     2.09333
     2.09432
     2.09432
     2.09523
     2.09523
     2.09605
     2.09605
      2.0968
      2.0968
     2.09747
     2.09747
     2.09807
     2.09807
     2.09858
     2.09858
     2.09901
     2.09901
     2.09937
     2.09937
     2.09964
     2.09964
     2.09984
     2.09984
     2.09996
     2.09996
         2.1