    -1.85228
    -1.84561
    -1.83398
    -1.82991
    -1.82308
    -1.82298
    -1.82283
    -1.81593
    -1.81476
    -1.81362
    -1.81213
    -1.81162
    -1.80944
     -1.8087
    -1.80719
    -1.80436
    -1.80171
    -1.79841
    -1.79519
    -1.79334
    -1.79255
    -1.78552
    -1.78423
    -1.78271
    -1.78122
     -1.7791
    -1.77759
    -1.77132
     -1.7699
    -1.76903
    -1.76589
    -1.76324
    -1.76268
     -1.7594
    -1.75856
    -1.75833
    -1.75586
    -1.75586
    -1.75578
    -1.75407
    -1.75326
     -1.7521
    -1.75164
    -1.74974
    -1.74861
    -1.74775
    -1.74761
    -1.74697
     -1.7459
    -1.74327
    -1.74269
    -1.74189
    -1.74155
    -1.73863
     -1.7378
    -1.73654
    -1.73526
    -1.73412
    -1.73175
    -1.72943
    -1.72875
    -1.72546
    -1.72106
    -1.72005
    -1.71876
     -1.7185
    -1.71725
    -1.71511
    -1.71455
    -1.71424
    -1.71133
    -1.71065
    -1.70868
     -1.7084
    -1.70369
    -1.70365
    -1.69671
    -1.69617
    -1.69566
    -1.69542
    -1.69258
    -1.69158
    -1.69145
    -1.68565
    -1.68529
    -1.68462
    -1.68448
    -1.68355
    -1.68342
    -1.67737
    -1.67326
      -1.673
    -1.67124
    -1.67123
    -1.66766
    -1.66489
    -1.66245
    -1.65677
     -1.6565
    -1.65215
     -1.6483
    -1.64578
    -1.64445
    -1.64318
    -1.64032
    -1.63939
    -1.63935
    -1.63528
     -1.6308
    -1.63018
    -1.63011
    -1.62692
    -1.62675
    -1.62588
     -1.6255
    -1.61728
    -1.61261
     -1.6123
    -1.60715
    -1.60503
    -1.60343
    -1.60155
    -1.59824
    -1.59747
    -1.59593
    -1.59432
    -1.58958
     -1.5882
     -1.5875
    -1.58688
    -1.58508
    -1.58301
    -1.58137
    -1.57872
    -1.57337
    -1.57133
    -1.56931
    -1.56803
    -1.56629
     -1.5637
    -1.55815
    -1.55557
    -1.55159
    -1.55093
    -1.54792
    -1.54783
    -1.54267
    -1.54177
    -1.53938
    -1.53583
    -1.53368
     -1.5333
    -1.52851
     -1.5255
    -1.52518
    -1.51761
    -1.51188
    -1.50855
    -1.50777
    -1.50682
     -1.5014
    -1.49685
    -1.49598
    -1.49573
    -1.49163
    -1.48665
    -1.48524
      -1.481
    -1.47921
    -1.47879
     -1.4742
    -1.47013
    -1.46294
    -1.46009
    -1.45851
    -1.44942
    -1.44871
    -1.44855
    -1.44403
     -1.4377
    -1.43682
    -1.43662
     -1.4284
    -1.42426
    -1.42345
    -1.42272
      -1.416
     -1.4152
     -1.4116
    -1.40716
    -1.40388
    -1.40066
    -1.39355
    -1.39279
    -1.38917
    -1.38719
    -1.38473
    -1.38106
    -1.37811
    -1.37185
    -1.37007
     -1.3694
    -1.35717
    -1.35373
    -1.34769
    -1.34733
    -1.34127
    -1.33747
    -1.33471
    -1.33436
    -1.32956
      -1.325
    -1.31628
    -1.31535
     -1.3133
    -1.31107
    -1.30674
    -1.30326
    -1.29927
    -1.29256
     -1.2917
    -1.28843
    -1.27842
    -1.27653
    -1.27224
    -1.26604
    -1.26302
    -1.26192
    -1.25661
    -1.24619
    -1.24569
    -1.24506
    -1.23921
    -1.23862
    -1.23045
    -1.22685
    -1.22497
    -1.21613
     -1.2111
     -1.2096
      -1.201
    -1.19698
    -1.19297
    -1.19106
    -1.19064
    -1.17588
    -1.17399
    -1.17138
    -1.16761
    -1.16512
    -1.15969
    -1.15896
    -1.14764
    -1.14422
    -1.14256
    -1.13557
    -1.13046
    -1.12683
    -1.12433
    -1.12004
    -1.11575
    -1.10731
    -1.10508
     -1.1015
    -1.09543
    -1.09142
    -1.08548
    -1.08252
    -1.07716
    -1.07247
    -1.06711
    -1.06215
    -1.06075
    -1.05274
    -1.05181
     -1.0477
    -1.04408
    -1.04029
    -1.03015
    -1.02744
    -1.02244
    -1.02083
     -1.0162
    -1.00472
    -1.00307
   -0.997418
   -0.994378
   -0.986801
   -0.980804
     -0.9787
   -0.970796
   -0.966031
   -0.960923
   -0.957581
   -0.954889
   -0.941919
   -0.941523
   -0.938015
   -0.931294
   -0.927276
   -0.923237
   -0.917014
   -0.914124
   -0.909765
   -0.903289
    -0.89867
   -0.893421
   -0.889791
   -0.885522
   -0.878545
   -0.870873
   -0.863387
   -0.861112
   -0.857498
   -0.852012
   -0.845261
   -0.840868
   -0.835671
   -0.831702
   -0.828159
   -0.819821
   -0.815826
   -0.811349
   -0.806733
   -0.798386
   -0.792673
   -0.788586
   -0.779424
   -0.776989
   -0.772743
   -0.770175
   -0.765701
   -0.757907
   -0.752367
   -0.743849
   -0.741032
   -0.735551
   -0.729315
   -0.723874
   -0.714483
   -0.710841
   -0.707547
   -0.700131
   -0.698262
   -0.694651
   -0.683804
   -0.679689
   -0.677131
    -0.66971
   -0.666565
    -0.65525
   -0.654395
   -0.641151
   -0.634355
   -0.632613
   -0.628921
   -0.616729
   -0.614471
   -0.610784
   -0.603065
   -0.597642
   -0.592508
   -0.589159
   -0.581231
   -0.573046
   -0.568554
   -0.562538
    -0.55906
   -0.555988
   -0.543972
   -0.539156
    -0.53443
    -0.52752
   -0.522118
   -0.511562
   -0.504004
    -0.50224
   -0.497931
   -0.492719
   -0.484615
   -0.480596
    -0.47404
   -0.471921
    -0.46158
   -0.456175
   -0.452552
   -0.446043
   -0.439687
   -0.434118
   -0.427584
   -0.426906
   -0.419477
   -0.417242
   -0.405129
   -0.403889
   -0.397942
    -0.38745
   -0.384788
   -0.379281
   -0.371951
   -0.366453
   -0.361911
   -0.353716
   -0.347373
   -0.345035
   -0.341299
   -0.329083
   -0.325416
   -0.317097
   -0.308224
    -0.30719
   -0.292234
   -0.292142
    -0.28387
   -0.281724
   -0.274213
   -0.269256
   -0.262029
   -0.255397
   -0.246497
   -0.244473
   -0.238392
   -0.227964
    -0.22495
   -0.219858
   -0.215744
   -0.210999
   -0.198512
   -0.197976
   -0.187518
   -0.185087
   -0.175332
   -0.167889
   -0.162842
   -0.156989
   -0.153256
   -0.145839
   -0.141818
     -0.1379
   -0.126851
   -0.123498
   -0.116097
   -0.113591
   -0.107046
   -0.100638
  -0.0919866
  -0.0823606
  -0.0768931
  -0.0687124
  -0.0662842
   -0.056911
  -0.0533658
  -0.0480272
  -0.0404807
  -0.0338124
  -0.0317856
  -0.0207475
  -0.0146396
 -0.00756967
-0.000665896
  0.00215132
   0.0113212
   0.0137844
   0.0176974
   0.0260984
   0.0357243
   0.0391006
   0.0512203
   0.0584887
   0.0618799
   0.0693547
   0.0752384
   0.0784608
   0.0870952
   0.0908403
   0.0965517
    0.100824
     0.10812
    0.112976
    0.119716
    0.128929
    0.136896
    0.139362
    0.146002
    0.151985
    0.158913
    0.165748
    0.171065
    0.176064
    0.182536
    0.189432
    0.195255
    0.204491
    0.208036
    0.211313
    0.221096
    0.223215
    0.230035
    0.236013
    0.251289
    0.260849
    0.265097
    0.267999
    0.276828
     0.27856
    0.284344
    0.290642
    0.297314
    0.306322
    0.309542
    0.314693
    0.324923
    0.329468
    0.333112
    0.342609
    0.347733
    0.350734
    0.359494
     0.36788
    0.375451
    0.379645
    0.386258
    0.390639
     0.39649
    0.400559
    0.407009
    0.410755
    0.415154
    0.424275
    0.433858
    0.440304
    0.442075
    0.457141
    0.460948
    0.470865
     0.47553
    0.480872
    0.485971
    0.489032
    0.500082
    0.503324
    0.514228
    0.517395
    0.521915
    0.524477
    0.537293
    0.544284
    0.549019
    0.551469
    0.562248
     0.56678
    0.570085
    0.580684
    0.584636
    0.591831
    0.597322
    0.605437
    0.611779
     0.61396
    0.622851
    0.627931
    0.634713
    0.640627
    0.646316
    0.649798
    0.653903
    0.661394
    0.670088
    0.682177
    0.686682
    0.693813
    0.698979
    0.700764
    0.710142
    0.714464
    0.723123
    0.725647
    0.738024
    0.738819
    0.746555
     0.74807
    0.759231
    0.764118
    0.770158
    0.774032
    0.783599
    0.786265
    0.789362
    0.800424
    0.810281
    0.815063
    0.819982
    0.823626
    0.829925
    0.832643
    0.841432
    0.843471
     0.85499
    0.857862
    0.869254
    0.872192
    0.877342
    0.878848
    0.884653
    0.895709
    0.905671
    0.907995
    0.915778
    0.921721
    0.926594
    0.930772
    0.937775
     0.94126
    0.947878
    0.950668
    0.954728
     0.96596
     0.97095
    0.976321
    0.979722
    0.986775
    0.995937
    0.999624
     1.00794
     1.00986
     1.01579
     1.01883
     1.02411
      1.0315
     1.03521
     1.04925
     1.05739
     1.05895
     1.07023
     1.07036
      1.0748
     1.07895
     1.08395
     1.09586
     1.09833
     1.10518
      1.1077
     1.11246
     1.11987
     1.12422
     1.13687
      1.1402
      1.1433
      1.1505
     1.16088
     1.16491
     1.16752
     1.17761
     1.18049
     1.18528
     1.18844
     1.19351
     1.19948
     1.20208
     1.20868
     1.21816
     1.22159
     1.22577
     1.23644
      1.2394
     1.24653
     1.24926
      1.2533
      1.2554
     1.26418
     1.26795
     1.27273
     1.27955
     1.29412
     1.29449
     1.30278
     1.30603
     1.31227
     1.31531
     1.32175
      1.3237
     1.33153
     1.33502
     1.34622
     1.34741
     1.35278
     1.35346
     1.36517
     1.36813
     1.37127
     1.37708
      1.3813
     1.38584
     1.39137
     1.39715
     1.40153
     1.40594
      1.4101
     1.41606
     1.41798
     1.42733
     1.43674
     1.43857
     1.44756
     1.44977
     1.45576
      1.4601
     1.46701
     1.46829
     1.47268
     1.48327
     1.48582
     1.48783
     1.49116
     1.49869
     1.50199
     1.50597
     1.51267
     1.51805
     1.52118
     1.52317
     1.52865
     1.53003
     1.53674
     1.54262
     1.55003
     1.55354
     1.55745
     1.56695
      1.5685
     1.57529
     1.57691
     1.58591
     1.58733
     1.59097
     1.59581
     1.59844
     1.60624
     1.60905
       1.613
     1.62467
     1.62769
     1.63353
      1.6366
      1.6402
     1.64158
      1.6505
     1.65568
     1.65979
     1.66639
      1.6701
     1.67287
     1.67492
     1.67723
     1.68533
      1.6889
     1.69185
     1.69575
     1.70228
     1.70901
     1.71424
     1.71521
     1.71816
     1.72354
      1.7246
     1.73083
     1.73358
     1.74247
     1.74305
      1.7478
     1.75537
     1.75792
     1.75895
     1.76654
     1.76867
     1.77758
     1.77781
     1.77943
     1.78233
     1.78775
     1.78897
     1.79452
     1.80265
     1.80334
     1.80755
     1.81023
     1.81487
     1.81906
     1.81941
     1.82522
     1.82873
     1.83684
     1.84174
     1.84518
     1.84574
     1.85245
     1.85625
     1.86099
     1.86462
     1.86898
     1.87034
     1.87291
     1.87494
     1.88048
     1.88148
     1.88577
      1.8878
     1.89391
      1.8973
     1.90047
     1.90365
     1.90597
     1.91345
      1.9168
     1.92124
     1.92809
     1.93118
     1.93424
      1.9362
      1.9415
     1.94197
     1.94838
     1.95272
     1.95304
     1.95782
     1.95962
     1.96009
     1.96093
     1.96683
     1.96776
     1.97194
     1.97406
     1.97877
     1.98069
     1.98385
     1.98508
       1.991
     1.99325
     1.99997
     2.00017
     2.00106
     2.00459
     2.00521
     2.01027
     2.01518
     2.01922
     2.02012
     2.02219
     2.02239
     2.02955
     2.03075
     2.03362
     2.03515
     2.03914
     2.04116
     2.04222
     2.06004
     2.06245
     2.06674
     2.06869
     2.07023
     2.07036
     2.07417
     2.07819
     2.07846
     2.07991
     2.08111
     2.08949
      2.0927
     2.09297
     2.09447
     2.10026
     2.10146
     2.10637
     2.10759
      2.1086
      2.1119
     2.11231
     2.11465
     2.11562
     2.11739
     2.11903
     2.12044
     2.12441
     2.12463
     2.12801
     2.12896
     2.12957
       2.135
     2.13536
     2.13767
     2.13771
     2.13998
      2.1435
      2.1448
     2.14591
     2.14829
     2.14938
      2.1508
     2.15107
     2.15386
     2.15558
     2.15606
     2.15718
     2.15724
      2.1603
     2.16542
     2.16564
     2.16909
     2.17014
     2.17099
     2.17365
     2.18048
      2.1807
     2.18074
     2.18315
     2.18468
     2.18583
     2.18729
     2.18876
     2.19137
     2.19206
     2.19298
     2.19466
     2.19552
     2.19556
     2.19948
     2.20347
     2.20441
     2.20783
     2.20917
     2.21191
     2.21392
     2.21493
     2.21558
     2.21634
      2.2174
     2.21837
     2.22325
     2.22477
     2.22742
     2.22749
      2.2276
     2.22836
      2.2326
     2.23326
     2.23414
     2.23819
     2.23914
     2.24348
      2.2435
     2.24516
     2.24574
       2.246
     2.24728
     2.24908
     2.25032
     2.25166
     2.25169
     2.25483
     2.25569
     2.26029
     2.26268
     2.26493
     2.26695
     2.26977
     2.27014
     2.27021
     2.27178
     2.27516
     2.27587
     2.27844
     2.27869
     2.27872
     2.28265
     2.28517
     2.28615
     2.28725
     2.28848
     2.29029
     2.29046
     2.29211
      2.2963
     2.29652
     2.29821
     2.30004
     2.30026
     2.30059
     2.30181
     2.30277
     2.30801
     2.31107
     2.31115
     2.31263
     2.31318
     2.32165
     2.32802
     2.33362
     2.35524
     2.35759