-2.00000000000000577
-1.99996052171228467
-1.99996052171227490
-1.99984208840763800
-1.99984208840763245
-1.99964470476162082
-1.99964470476161527
-1.99936837856660565
-1.99936837856659455
-1.99901312073146831
-1.99901312073146498
-1.99857894528119018
-1.99857894528117885
-1.99806586935625696
-1.99806586935624875
-1.99747391321203938
-1.99747391321203449
-1.99680310021795404
-1.99680310021795004
-1.99605345685654489
-1.99605345685654356
-1.99522501272245556
-1.99522501272245112
-1.99431780052123298
-1.99431780052122809
-1.99333185606806107
-1.99333185606805974
-1.99226721828634745
-1.99226721828634545
-1.99112392920616466
-1.99112392920615799
-1.98990203396260457
-1.98990203396259835
-1.98860158079400184
-1.98860158079400096
-1.98722262104002256
-1.98722262104002145
-1.98576520913963650
-1.98576520913963006
-1.98422940262896064
-1.98422940262895819
-1.98261526213901940
-1.98261526213901473
-1.98092285139330437
-1.98092285139330193
-1.97915223720530165
-1.97915223720529498
-1.97730348947583412
-1.97730348947582746
-1.97537668119028154
-1.97537668119027554
-1.97337188841573985
-1.97337188841573807
-1.97128919029800009
-1.97128919029799543
-1.96912866905841533
-1.96912866905841222
-1.96689040999066322
-1.96689040999066123
-1.96457450145738211
-1.96457450145737522
-1.96218103488667328
-1.96218103488667062
-1.95971010476849772
-1.95971010476849505
-1.95716180865094835
-1.95716180865094480
-1.95453624713639096
-1.95453624713638585
-1.95183352387749909
-1.95183352387749554
-1.94905374557315758
-1.94905374557315536
-1.94619702196425570
-1.94619702196424949
-1.94326346582935128
-1.94326346582935061
-1.94025319298021648
-1.94025319298021315
-1.93716632225726371
-1.93716632225726260
-1.93400297552487954
-1.93400297552487177
-1.93076327766655176
-1.93076327766653955
-1.92744735658002431
-1.92744735658002098
-1.92405534317217608
-1.92405534317217231
-1.92058737135389546
-1.92058737135388768
-1.91704357803475522
-1.91704357803475212
-1.91342410311766553
-1.91342410311766242
-1.90972908949328946
-1.90972908949328413
-1.90595868303443861
-1.90595868303443461
-1.90211303259031084
-1.90211303259030862
-1.89819228998059297
-1.89819228998059097
-1.89419660998949069
-1.89419660998948780
-1.89012615035961762
-1.89012615035961029
-1.88598107178573082
-1.88598107178572927
-1.88176153790845557
-1.88176153790845291
-1.87746771530775258
-1.87746771530774748
-1.87309977349638745
-1.87309977349638657
-1.86865788491322782
-1.86865788491322760
-1.86414222491642567
-1.86414222491642345
-1.85955297177650536
-1.85955297177650225
-1.85489030666932830
-1.85489030666931720
-1.85015441366892119
-1.85015441366892008
-1.84534547974023466
-1.84534547974023333
-1.84046369473174409
-1.84046369473174209
-1.83550925136796361
-1.83550925136795917
-1.83048234524183862
-1.83048234524182640
-1.82538317480701240
-1.82538317480700507
-1.82021194136999309
-1.82021194136999220
-1.81496884908224110
-1.81496884908223244
-1.80965410493204515
-1.80965410493203960
-1.80426791873640635
-1.80426791873640147
-1.79881050313274726
-1.79881050313273705
-1.79328207357047154
-1.79328207357046909
-1.78768284830253332
-1.78768284830252888
-1.78201304837673846
-1.78201304837673691
-1.77627289762709029
-1.77627289762709006
-1.77046262266491072
-1.77046262266490384
-1.76458245286991389
-1.76458245286990301
-1.75863262038112089
-1.75863262038111623
-1.75261336008773960
-1.75261336008773405
-1.74652490961984608
-1.74652490961984541
-1.74036750933906204
-1.74036750933905182
-1.73414140232898228
-1.73414140232898073
-1.72784683438567321
-1.72784683438567188
-1.72148405400789972
-1.72148405400788618
-1.71505331238731151
-1.71505331238730330
-1.70855486339859408
-1.70855486339859053
-1.70198896358938923
-1.70198896358938523
-1.69535587217016959
-1.69535587217016648
-1.68865585100403859
-1.68865585100403326
-1.68188916459634519
-1.68188916459634075
-1.67505608008428863
-1.67505608008428375
-1.66815686722634404
-1.66815686722633671
-1.66119179839163023
-1.66119179839161601
-1.65416114854913254
-1.65416114854912943
-1.64706519525685935
-1.64706519525685624
-1.63990421865090696
-1.63990421865090164
-1.63267850143437099
-1.63267850143436544
-1.62538832886618723
-1.62538832886618700
-1.61803398874989424
-1.61803398874989335
-1.61061577142224910
-1.61061577142224266
-1.60313396974175260
-1.60313396974174882
-1.59558887907714375
-1.59558887907714331
-1.58798079729567454
-1.58798079729566943
-1.58031002475137927
-1.58031002475137705
-1.57257686427324006
-1.57257686427323007
-1.56478162115317865
-1.56478162115317820
-1.55692460313404601
-1.55692460313403114
-1.54900612039746610
-1.54900612039746211
-1.54102648555158273
-1.54102648555158028
-1.53298601361870235
-1.53298601361870079
-1.52488502202289800
-1.52488502202289355
-1.51672383057744709
-1.51672383057744620
-1.50850276147221174
-1.50850276147220907
-1.50022213926092274
-1.50022213926091452
-1.49188229084836732
-1.49188229084836710
-1.48348354547748040
-1.48348354547747507
-1.47502623471635030
-1.47502623471634609
-1.46651069244512322
-1.46651069244511900
-1.45793725484282377
-1.45793725484281800
-1.44930626037409427
-1.44930626037409338
-1.44061804977581542
-1.44061804977581542
-1.43187296604366643
-1.43187296604366598
-1.42307135441857402
-1.42307135441857113
-1.41421356237310469
-1.41421356237309381
-1.40529993959770572
-1.40529993959770216
-1.39633083798694613
-1.39633083798694346
-1.38730661162561786
-1.38730661162560920
-1.37822761677469985
-1.37822761677469408
-1.36909421185737878
-1.36909421185737523
-1.35990675744483824
-1.35990675744483824
-1.35066561624204895
-1.35066561624204162
-1.34137115307344312
-1.34137115307343580
-1.33202373486850689
-1.33202373486849956
-1.32262373064730521
-1.32262373064730410
-1.31317151150591549
-1.31317151150590705
-1.30366745060175737
-1.30366745060175671
-1.29411192313889090
-1.29411192313888312
-1.28450530635317084
-1.28450530635316906
-1.27484797949738127
-1.27484797949737949
-1.26514032382625219
-1.26514032382624975
-1.25538272258140404
-1.25538272258140160
-1.24557556097622557
-1.24557556097622002
-1.23571922618067198
-1.23571922618066710
-1.22581410730595519
-1.22581410730595386
-1.21586059538921143
-1.21586059538920921
-1.20585908337805137
-1.20585908337805003
-1.19580996611504098
-1.19580996611503898
-1.18571364032212179
-1.18571364032211890
-1.17557050458494805
-1.17557050458494317
-1.16538095933715158
-1.16538095933715002
-1.15514540684453748
-1.15514540684453459
-1.14486425118918556
-1.14486425118918311
-1.13453789825352191
-1.13453789825351614
-1.12416675570426272
-1.12416675570426206
-1.11375123297638146
-1.11375123297637857
-1.10329174125686058
-1.10329174125686014
-1.09278869346854068
-1.09278869346853869
-1.08224250425375312
-1.08224250425375024
-1.07165358995799509
-1.07165358995799465
-1.06102236861347166
-1.06102236861346944
-1.05034925992259298
-1.05034925992259276
-1.03963468524142044
-1.03963468524141978
-1.02887906756302350
-1.02887906756301395
-1.01808283150075685
-1.01808283150074197
-1.00724640327152626
-1.00724640327152137
-0.99637021067903042
-0.99637021067898024
-0.98545468309658979
-0.98545468309658324
-0.97450025145069519
-0.97450025145066443
-0.96350734820343986
-0.96350734820343065
-0.95247640733588324
-0.95247640733587857
-0.94140786433066681
-0.94140786433066470
-0.93030215615491696
-0.93030215615491607
-0.91915972124298273
-0.91915972124297574
-0.90798099947909772
-0.90798099947909439
-0.89676643218006602
-0.89676643218006524
-0.88551646207780488
-0.88551646207779833
-0.87423153330186965
-0.87423153330186776
-0.86291209136192226
-0.86291209136192171
-0.85155858313015276
-0.85155858313014965
-0.84017145682361638
-0.84017145682361261
-0.82875116198658083
-0.82875116198657039
-0.81729814947270196
-0.81729814947269463
-0.80581287142732372
-0.80581287142732339
-0.79429578126956257
-0.79429578126956091
-0.78274733367440430
-0.78274733367440275
-0.77116798455479829
-0.77116798455479785
-0.75955819104360678
-0.75955819104360034
-0.74791841147560645
-0.74791841147560112
-0.73624910536935717
-0.73624910536935617
-0.72455073340909593
-0.72455073340908926
-0.71282375742650117
-0.71282375742649884
-0.70106864038252203
-0.70106864038251770
-0.68928584634903622
-0.68928584634903500
-0.67747584049058318
-0.67747584049058263
-0.66563908904597224
-0.66563908904597180
-0.65377605930988392
-0.65377605930988025
-0.64188721961441964
-0.64188721961441952
-0.62997303931060988
-0.62997303931060700
-0.61803398874989524
-0.61803398874989324
-0.60607053926554999
-0.60607053926554644
-0.59408316315406962
-0.59408316315406895
-0.58207233365654309
-0.58207233365654232
-0.57003852493995377
-0.57003852493995255
-0.55798221207846088
-0.55798221207845911
-0.54590387103465277
-0.54590387103465154
-0.53380397864075246
-0.53380397864075146
-0.52168301257979777
-0.52168301257979399
-0.50954145136676721
-0.50954145136676543
-0.49737977432971098
-0.49737977432970976
-0.48519846159081614
-0.48519846159081448
-0.47299799404745102
-0.47299799404744974
-0.46077885335318097
-0.46077885335318075
-0.44854152189876273
-0.44854152189876245
-0.43628648279308641
-0.43628648279308524
-0.42401421984411003
-0.42401421984410798
-0.41172521753976232
-0.41172521753976227
-0.39941996102881511
-0.39941996102881439
-0.38709893610172230
-0.38709893610171914
-0.37476262917145081
-0.37476262917144804
-0.36241152725427483
-0.36241152725427317
-0.35004611795055296
-0.35004611795055085
-0.33766688942546919
-0.33766688942546796
-0.32527433038976766
-0.32527433038976700
-0.31286893008046157
-0.31286893008046152
-0.30045117824151452
-0.30045117824151368
-0.28802156510450472
-0.28802156510450405
-0.27558058136927599
-0.27558058136927549
-0.26312871818456518
-0.26312871818456485
-0.25066646712860891
-0.25066646712860841
-0.23819432018974032
-0.23819432018973885
-0.22571276974696403
-0.22571276974696325
-0.21322230855052027
-0.21322230855051919
-0.20072342970242965
-0.20072342970242923
-0.18821662663702873
-0.18821662663702843
-0.17570239310148694
-0.17570239310148653
-0.16318122313631558
-0.16318122313631456
-0.15065361105586605
-0.15065361105586506
-0.13812005142881245
-0.13812005142881170
-0.12558103905862758
-0.12558103905862683
-0.11303706896404976
-0.11303706896404907
-0.10048863635954040
-0.10048863635953939
-0.08793623663572993
-0.08793623663572968
-0.07538036533986919
-0.07538036533986892
-0.06282151815625658
-0.06282151815625633
-0.05026019088667531
-0.05026019088667468
-0.03769687943081635
-0.03769687943081520
-0.02513207976670527
-0.02513207976670490
-0.01256628793111780
-0.01256628793111691
 0.00000000000000029
 0.00000000000000082
 0.01256628793111828
 0.01256628793111885
 0.02513207976670553
 0.02513207976670575
 0.03769687943081641
 0.03769687943081695
 0.05026019088667422
 0.05026019088667526
 0.06282151815625671
 0.06282151815625701
 0.07538036533986925
 0.07538036533986954
 0.08793623663573043
 0.08793623663573065
 0.10048863635953931
 0.10048863635953986
 0.11303706896404858
 0.11303706896404897
 0.12558103905862619
 0.12558103905862661
 0.13812005142881140
 0.13812005142881187
 0.15065361105586542
 0.15065361105586622
 0.16318122313631425
 0.16318122313631500
 0.17570239310148561
 0.17570239310148722
 0.18821662663702818
 0.18821662663702912
 0.20072342970242912
 0.20072342970243170
 0.21322230855051971
 0.21322230855052074
 0.22571276974696267
 0.22571276974696289
 0.23819432018973952
 0.23819432018973971
 0.25066646712860829
 0.25066646712860891
 0.26312871818456413
 0.26312871818456485
 0.27558058136927632
 0.27558058136927660
 0.28802156510450250
 0.28802156510450488
 0.30045117824151346
 0.30045117824151357
 0.31286893008046102
 0.31286893008046124
 0.32527433038976750
 0.32527433038976811
 0.33766688942546824
 0.33766688942546857
 0.35004611795055152
 0.35004611795055307
 0.36241152725427384
 0.36241152725427389
 0.37476262917144743
 0.37476262917145120
 0.38709893610171980
 0.38709893610171997
 0.39941996102881400
 0.39941996102881477
 0.41172521753976188
 0.41172521753976266
 0.42401421984410959
 0.42401421984411009
 0.43628648279308530
 0.43628648279308746
 0.44854152189876190
 0.44854152189876562
 0.46077885335318058
 0.46077885335318086
 0.47299799404744902
 0.47299799404744963
 0.48519846159081442
 0.48519846159081464
 0.49737977432970976
 0.49737977432971237
 0.50954145136676421
 0.50954145136676432
 0.52168301257979366
 0.52168301257979410
 0.53380397864075124
 0.53380397864075213
 0.54590387103465177
 0.54590387103465232
 0.55798221207845644
 0.55798221207845877
 0.57003852493995144
 0.57003852493995355
 0.58207233365654309
 0.58207233365654543
 0.59408316315407017
 0.59408316315407073
 0.60607053926554666
 0.60607053926555110
 0.61803398874989368
 0.61803398874989612
 0.62997303931060789
 0.62997303931061110
 0.64188721961441686
 0.64188721961442019
 0.65377605930988392
 0.65377605930988536
 0.66563908904597380
 0.66563908904597513
 0.67747584049058329
 0.67747584049058329
 0.68928584634903201
 0.68928584634903467
 0.70106864038251804
 0.70106864038251882
 0.71282375742649995
 0.71282375742650239
 0.72455073340909204
 0.72455073340909415
 0.73624910536935273
 0.73624910536935673
 0.74791841147560112
 0.74791841147560179
 0.75955819104360367
 0.75955819104360434
 0.77116798455479241
 0.77116798455479429
 0.78274733367440452
 0.78274733367440652
 0.79429578126956069
 0.79429578126956280
 0.80581287142732505
 0.80581287142732683
 0.81729814947269819
 0.81729814947269985
 0.82875116198656917
 0.82875116198657062
 0.84017145682361261
 0.84017145682361460
 0.85155858313014510
 0.85155858313014754
 0.86291209136191693
 0.86291209136191771
 0.87423153330186487
 0.87423153330186654
 0.88551646207780133
 0.88551646207780421
 0.89676643218006269
 0.89676643218006435
 0.90798099947909117
 0.90798099947909205
 0.91915972124297540
 0.91915972124297551
 0.93030215615491596
 0.93030215615491718
 0.94140786433066204
 0.94140786433066659
 0.95247640733587524
 0.95247640733587913
 0.96350734820342721
 0.96350734820342887
 0.97450025145066355
 0.97450025145066654
 0.98545468309658213
 0.98545468309658246
 0.99637021067897824
 0.99637021067897957
 1.00724640327151982
 1.00724640327152226
 1.01808283150073708
 1.01808283150074397
 1.02887906756300818
 1.02887906756300906
 1.03963468524141645
 1.03963468524141911
 1.05034925992259032
 1.05034925992259254
 1.06102236861346411
 1.06102236861346655
 1.07165358995799065
 1.07165358995799331
 1.08224250425374935
 1.08224250425375357
 1.09278869346853602
 1.09278869346854446
 1.10329174125686169
 1.10329174125686658
 1.11375123297637812
 1.11375123297638057
 1.12416675570426006
 1.12416675570426228
 1.13453789825350770
 1.13453789825351281
 1.14486425118917823
 1.14486425118917956
 1.15514540684453348
 1.15514540684453615
 1.16538095933714447
 1.16538095933715224
 1.17557050458494250
 1.17557050458494894
 1.18571364032211912
 1.18571364032212001
 1.19580996611503654
 1.19580996611503854
 1.20585908337804693
 1.20585908337804826
 1.21586059538921054
 1.21586059538921143
 1.22581410730595253
 1.22581410730595297
 1.23571922618066732
 1.23571922618066909
 1.24557556097622046
 1.24557556097622135
 1.25538272258139982
 1.25538272258140027
 1.26514032382624753
 1.26514032382625263
 1.27484797949737572
 1.27484797949737572
 1.28450530635316751
 1.28450530635316928
 1.29411192313889201
 1.29411192313889201
 1.30366745060175937
 1.30366745060176137
 1.31317151150591260
 1.31317151150591460
 1.32262373064730232
 1.32262373064731187
 1.33202373486850179
 1.33202373486850689
 1.34137115307343913
 1.34137115307344068
 1.35066561624204895
 1.35066561624204939
 1.35990675744483314
 1.35990675744484024
 1.36909421185737412
 1.36909421185737656
 1.37822761677469696
 1.37822761677470007
 1.38730661162561009
 1.38730661162561608
 1.39633083798694102
 1.39633083798694968
 1.40529993959769883
 1.40529993959770017
 1.41421356237309515
 1.41421356237309603
 1.42307135441857135
 1.42307135441857269
 1.43187296604365644
 1.43187296604366399
 1.44061804977581320
 1.44061804977581431
 1.44930626037409027
 1.44930626037409338
 1.45793725484282266
 1.45793725484282466
 1.46651069244512233
 1.46651069244512300
 1.47502623471634808
 1.47502623471634808
 1.48348354547747885
 1.48348354547748307
 1.49188229084836133
 1.49188229084836688
 1.50022213926091830
 1.50022213926092007
 1.50850276147220885
 1.50850276147220930
 1.51672383057744153
 1.51672383057745019
 1.52488502202289822
 1.52488502202289999
 1.53298601361870146
 1.53298601361870745
 1.54102648555158073
 1.54102648555158739
 1.54900612039746788
 1.54900612039747498
 1.55692460313404846
 1.55692460313404935
 1.56478162115317709
 1.56478162115317909
 1.57257686427324117
 1.57257686427324117
 1.58031002475137972
 1.58031002475138038
 1.58798079729566921
 1.58798079729567321
 1.59558887907713975
 1.59558887907714353
 1.60313396974175038
 1.60313396974175482
 1.61061577142224377
 1.61061577142224421
 1.61803398874989224
 1.61803398874989290
 1.62538832886618723
 1.62538832886619256
 1.63267850143436632
 1.63267850143436632
 1.63990421865090186
 1.63990421865090541
 1.64706519525684625
 1.64706519525685358
 1.65416114854912033
 1.65416114854912211
 1.66119179839162645
 1.66119179839162934
 1.66815686722634493
 1.66815686722635070
 1.67505608008428331
 1.67505608008428619
 1.68188916459633941
 1.68188916459634452
 1.68865585100403259
 1.68865585100403770
 1.69535587217016559
 1.69535587217017025
 1.70198896358938567
 1.70198896358938767
 1.70855486339859808
 1.70855486339859919
 1.71505331238731151
 1.71505331238731151
 1.72148405400788707
 1.72148405400789528
 1.72784683438567455
 1.72784683438567521
 1.73414140232898095
 1.73414140232898317
 1.74036750933905315
 1.74036750933905604
 1.74652490961984630
 1.74652490961984785
 1.75261336008772783
 1.75261336008773183
 1.75863262038111245
 1.75863262038111579
 1.76458245286991033
 1.76458245286991100
 1.77046262266491250
 1.77046262266491383
 1.77627289762709073
 1.77627289762709384
 1.78201304837674024
 1.78201304837674468
 1.78768284830252777
 1.78768284830253177
 1.79328207357047287
 1.79328207357048042
 1.79881050313274127
 1.79881050313274837
 1.80426791873640857
 1.80426791873641124
 1.80965410493203671
 1.80965410493204826
 1.81496884908223910
 1.81496884908224110
 1.82021194136999420
 1.82021194136999620
 1.82538317480700885
 1.82538317480701084
 1.83048234524183773
 1.83048234524184172
 1.83550925136796672
 1.83550925136797005
 1.84046369473174432
 1.84046369473174676
 1.84534547974022822
 1.84534547974023488
 1.85015441366891387
 1.85015441366892008
 1.85489030666932231
 1.85489030666932608
 1.85955297177650403
 1.85955297177650958
 1.86414222491642301
 1.86414222491642723
 1.86865788491322560
 1.86865788491322626
 1.87309977349638945
 1.87309977349639367
 1.87746771530774903
 1.87746771530775347
 1.88176153790845424
 1.88176153790845690
 1.88598107178572993
 1.88598107178573415
 1.89012615035961051
 1.89012615035961584
 1.89419660998948713
 1.89419660998949246
 1.89819228998059009
 1.89819228998059586
 1.90211303259031062
 1.90211303259031639
 1.90595868303444171
 1.90595868303444327
 1.90972908949328457
 1.90972908949330189
 1.91342410311766176
 1.91342410311767552
 1.91704357803475234
 1.91704357803475922
 1.92058737135388613
 1.92058737135389479
 1.92405534317217053
 1.92405534317218341
 1.92744735658002053
 1.92744735658002342
 1.93076327766654909
 1.93076327766654932
 1.93400297552486888
 1.93400297552487732
 1.93716632225726570
 1.93716632225727303
 1.94025319298021404
 1.94025319298021781
 1.94326346582935172
 1.94326346582935772
 1.94619702196425770
 1.94619702196425770
 1.94905374557315270
 1.94905374557315825
 1.95183352387749132
 1.95183352387749220
 1.95453624713638363
 1.95453624713638741
 1.95716180865094458
 1.95716180865095390
 1.95971010476849483
 1.95971010476850127
 1.96218103488666773
 1.96218103488667106
 1.96457450145737078
 1.96457450145737789
 1.96689040999065545
 1.96689040999066034
 1.96912866905841022
 1.96912866905841466
 1.97128919029799232
 1.97128919029799365
 1.97337188841573341
 1.97337188841573696
 1.97537668119026999
 1.97537668119027798
 1.97730348947582768
 1.97730348947583212
 1.97915223720529432
 1.97915223720530542
 1.98092285139329460
 1.98092285139330615
 1.98261526213901074
 1.98261526213901607
 1.98422940262895509
 1.98422940262895997
 1.98576520913962828
 1.98576520913963184
 1.98722262104001457
 1.98722262104002012
 1.98860158079399807
 1.98860158079400073
 1.98990203396259746
 1.98990203396260235
 1.99112392920616310
 1.99112392920616532
 1.99226721828634434
 1.99226721828634679
 1.99333185606806240
 1.99333185606806484
 1.99431780052123120
 1.99431780052123298
 1.99522501272245156
 1.99522501272245179
 1.99605345685654689
 1.99605345685654978
 1.99680310021795671
 1.99680310021795804
 1.99747391321203849
 1.99747391321204071
 1.99806586935625563
 1.99806586935625652
 1.99857894528118463
 1.99857894528118574
 1.99901312073146364
 1.99901312073146809
 1.99936837856659944
 1.99936837856660388
 1.99964470476162104
 1.99964470476162237
 1.99984208840763689
 1.99984208840763911
 1.99996052171227467
 1.99996052171227578
 2.00000000000000178