     -1.998
     -1.994
      -1.99
   -1.98601
   -1.98201
   -1.97802
   -1.97402
   -1.97003
   -1.96604
   -1.96205
   -1.95806
   -1.95407
   -1.95008
   -1.94609
   -1.94211
   -1.93812
   -1.93414
   -1.93015
   -1.92617
   -1.92219
   -1.91821
   -1.91423
   -1.91025
   -1.90628
    -1.9023
   -1.89833
   -1.89435
   -1.89038
   -1.88641
   -1.88244
   -1.87847
    -1.8745
   -1.87053
   -1.86656
    -1.8626
   -1.85863
   -1.85467
   -1.85071
   -1.84674
   -1.84278
   -1.83882
   -1.83487
   -1.83091
   -1.82695
     -1.823
   -1.81904
   -1.81509
   -1.81114
   -1.80718
   -1.80323
   -1.79928
   -1.79533
   -1.79139
   -1.78744
    -1.7835
   -1.77955
   -1.77561
   -1.77167
   -1.76772
   -1.76378
   -1.75984
   -1.75591
   -1.75197
   -1.74803
    -1.7441
   -1.74016
   -1.73623
    -1.7323
   -1.72837
   -1.72444
   -1.72051
   -1.71658
   -1.71265
   -1.70873
    -1.7048
   -1.70088
   -1.69695
   -1.69303
   -1.68911
   -1.68519
   -1.68127
   -1.67736
   -1.67344
   -1.66952
   -1.66561
    -1.6617
   -1.65778
   -1.65387
   -1.64996
   -1.64605
   -1.64214
   -1.63824
   -1.63433
   -1.63042
   -1.62652
   -1.62262
   -1.61871
   -1.61481
   -1.61091
   -1.60701
   -1.60312
   -1.59922
   -1.59532
   -1.59143
   -1.58753
   -1.58364
   -1.57975
   -1.57586
   -1.57197
   -1.56808
   -1.56419
   -1.56031
   -1.55642
   -1.55254
   -1.54865
   -1.54477
   -1.54089
   -1.53701
   -1.53313
   -1.52925
   -1.52537
    -1.5215
   -1.51762
   -1.51375
   -1.50988
     -1.506
   -1.50213
   -1.49826
   -1.49439
   -1.49053
   -1.48666
   -1.48279
   -1.47893
   -1.47507
    -1.4712
   -1.46734
   -1.46348
   -1.45962
   -1.45576
   -1.45191
   -1.44805
    -1.4442
   -1.44034
   -1.43649
   -1.43264
   -1.42879
   -1.42494
   -1.42109
   -1.41724
   -1.41339
   -1.40955
    -1.4057
   -1.40186
   -1.39802
   -1.39418
   -1.39034
    -1.3865
   -1.38266
   -1.37882
   -1.37499
   -1.37115
   -1.36732
   -1.36349
   -1.35965
   -1.35582
   -1.35199
   -1.34817
   -1.34434
   -1.34051
   -1.33669
   -1.33286
   -1.32904
   -1.32522
    -1.3214
   -1.31758
   -1.31376
   -1.30994
   -1.30612
   -1.30231
   -1.29849
   -1.29468
   -1.29087
   -1.28706
   -1.28325
   -1.27944
   -1.27563
   -1.27182
   -1.26802
   -1.26421
   -1.26041
   -1.25661
    -1.2528
     -1.249
    -1.2452
   -1.24141
   -1.23761
   -1.23381
   -1.23002
   -1.22622
   -1.22243
   -1.21864
   -1.21485
   -1.21106
   -1.20727
   -1.20348
    -1.1997
   -1.19591
   -1.19213
   -1.18834
   -1.18456
   -1.18078
     -1.177
   -1.17322
   -1.16944
   -1.16567
   -1.16189
   -1.15812
   -1.15434
   -1.15057
    -1.1468
   -1.14303
   -1.13926
   -1.13549
   -1.13173
   -1.12796
    -1.1242
   -1.12043
   -1.11667
   -1.11291
   -1.10915
   -1.10539
   -1.10163
   -1.09788
   -1.09412
   -1.09037
   -1.08661
   -1.08286
   -1.07911
   -1.07536
   -1.07161
   -1.06786
   -1.06411
   -1.06036
   -1.05662
   -1.05287
   -1.04912
   -1.04536
   -1.04161
   -1.03784
   -1.03408
    -1.0303
    -1.0265
    -1.0227
   -1.01888
   -1.01503
   -1.01117
   -1.00728
   -1.00337
   -0.99943
  -0.995464
  -0.991471
   -0.98745
  -0.983402
  -0.979327
  -0.975225
  -0.971096
  -0.966942
  -0.962761
  -0.958556
  -0.954327
  -0.950073
  -0.945796
  -0.941496
  -0.937173
  -0.932829
  -0.928462
  -0.924075
  -0.919666
  -0.915237
  -0.910788
  -0.906319
   -0.90183
  -0.897323
  -0.892796
   -0.88825
  -0.883687
  -0.879105
  -0.874505
  -0.869887
  -0.865252
  -0.860599
   -0.85593
  -0.851243
   -0.84654
  -0.841821
  -0.837085
  -0.832333
  -0.827565
  -0.822781
  -0.817982
  -0.813167
  -0.808337
  -0.803491
  -0.798631
  -0.793756
  -0.788865
  -0.783961
  -0.779041
  -0.774108
   -0.76916
  -0.764197
  -0.759221
  -0.754231
  -0.749227
   -0.74421
  -0.739179
  -0.734135
  -0.729077
  -0.724006
  -0.718922
  -0.713824
  -0.708714
  -0.703591
  -0.698456
  -0.693308
  -0.688147
  -0.682974
  -0.677788
   -0.67259
   -0.66738
  -0.662159
  -0.656925
  -0.651679
  -0.646421
  -0.641152
  -0.635871
  -0.630579
  -0.625275
   -0.61996
  -0.614634
  -0.609296
  -0.603948
  -0.598588
  -0.593218
  -0.587836
  -0.582444
  -0.577041
  -0.571628
  -0.566204
   -0.56077
  -0.555325
   -0.54987
  -0.544405
   -0.53893
  -0.533444
  -0.527949
  -0.522444
  -0.516929
  -0.511404
  -0.505869
  -0.500325
  -0.494772
  -0.489209
  -0.483637
  -0.478055
  -0.472464
  -0.466864
  -0.461255
  -0.455637
   -0.45001
  -0.444374
   -0.43873
  -0.433076
  -0.427414
  -0.421744
  -0.416065
  -0.410377
  -0.404682
  -0.398978
  -0.393265
  -0.387545
  -0.381817
   -0.37608
  -0.370336
  -0.364584
  -0.358824
  -0.353056
  -0.347281
  -0.341498
  -0.335707
  -0.329909
  -0.324104
  -0.318292
  -0.312472
  -0.306645
  -0.300811
   -0.29497
  -0.289122
  -0.283267
  -0.277406
  -0.271537
  -0.265662
  -0.259781
  -0.253892
  -0.247998
  -0.242097
  -0.236189
  -0.230275
  -0.224356
   -0.21843
  -0.212497
  -0.206559
  -0.200615
  -0.194665
   -0.18871
  -0.182748
  -0.176781
  -0.170809
   -0.16483
  -0.158847
  -0.152858
  -0.146863
  -0.140864
  -0.134859
  -0.128849
  -0.122834
  -0.116814
  -0.110789
  -0.104759
 -0.0987249
 -0.0926857
 -0.0866417
 -0.0805932
 -0.0745402
 -0.0684827
 -0.0624209
 -0.0563547
 -0.0502842
 -0.0442096
 -0.0381309
 -0.0320481
 -0.0259613
 -0.0198705
  -0.013776
-0.00767761
-0.00157553
 0.00453021
  0.0106395
  0.0167524
  0.0228687
  0.0289884
  0.0351114
  0.0412377
  0.0473672
  0.0534998
  0.0596355
  0.0657741
  0.0719157
  0.0780602
  0.0842074
  0.0903574
    0.09651
   0.102665
   0.108823
   0.114983
   0.121146
   0.127311
   0.133478
   0.139647
   0.145819
   0.151993
   0.158168
   0.164346
   0.170525
   0.176707
    0.18289
   0.189074
    0.19526
   0.201448
   0.207638
   0.213828
    0.22002
   0.226214
   0.232408
   0.238604
   0.244801
   0.250998
   0.257197
   0.263397
   0.269597
   0.275798
      0.282
   0.288203
   0.294406
   0.300609
   0.306813
   0.313017
   0.319222
   0.325427
   0.331632
   0.337837
   0.344042
   0.350247
   0.356452
   0.362657
   0.368861
   0.375065
   0.381269
   0.387473
   0.393676
   0.399878
    0.40608
   0.412281
   0.418481
   0.424681
   0.430879
   0.437077
   0.443274
   0.449469
   0.455664
   0.461857
   0.468049
   0.474239
   0.480428
   0.486616
   0.492802
   0.498987
    0.50517
   0.511351
    0.51753
   0.523707
   0.529883
   0.536056
   0.542228
   0.548397
   0.554564
   0.560729
   0.566892
   0.573052
   0.579209
   0.585364
   0.591517
   0.597667
   0.603814
   0.609959
     0.6161
   0.622239
   0.628374
   0.634507
   0.640637
   0.646763
   0.652886
   0.659006
   0.665122
   0.671235
   0.677345
   0.683451
   0.689553
   0.695652
   0.701747
   0.707838
   0.713925
   0.720008
   0.726088
   0.732163
   0.738234
   0.744301
   0.750363
   0.756421
   0.762475
   0.768524
   0.774569
   0.780609
   0.786645
   0.792676
   0.798702
   0.804723
   0.810739
   0.816751
   0.822757
   0.828758
   0.834754
   0.840745
    0.84673
    0.85271
   0.858685
   0.864654
   0.870617
   0.876575
   0.882527
   0.888474
   0.894414
   0.900349
   0.906278
   0.912201
   0.918118
   0.924028
   0.929933
   0.935831
   0.941722
   0.947608
   0.953487
   0.959359
   0.965225
   0.971084
   0.976937
   0.982782
   0.988621
   0.994453
    1.00028
     1.0061
    1.01191
    1.01771
    1.02351
     1.0293
    1.03508
    1.04085
    1.04662
    1.05238
    1.05813
    1.06387
    1.06961
    1.07534
    1.08106
    1.08677
    1.09248
    1.09817
    1.10386
    1.10954
    1.11521
    1.12088
    1.12653
    1.13218
    1.13782
    1.14345
    1.14907
    1.15468
    1.16029
    1.16588
    1.17147
    1.17704
    1.18261
    1.18817
    1.19372
    1.19926
    1.20479
    1.21031
    1.21583
    1.22133
    1.22682
    1.23231
    1.23778
    1.24325
     1.2487
    1.25415
    1.25958
    1.26501
    1.27042
    1.27583
    1.28122
    1.28661
    1.29198
    1.29734
     1.3027
    1.30804
    1.31337
    1.31869
    1.32401
    1.32931
    1.33459
    1.33987
    1.34514
     1.3504
    1.35564
    1.36088
     1.3661
    1.37131
    1.37651
     1.3817
    1.38688
    1.39205
     1.3972
    1.40234
    1.40747
    1.41259
     1.4177
     1.4228
    1.42788
    1.43295
    1.43801
    1.44306
    1.44809
    1.45311
    1.45812
    1.46312
    1.46811
    1.47308
    1.47804
    1.48299
    1.48792
    1.49284
    1.49775
    1.50264
    1.50753
    1.51239
    1.51725
    1.52209
    1.52692
    1.53174
    1.53654
    1.54133
     1.5461
    1.55086
    1.55561
    1.56034
    1.56506
    1.56977
    1.57446
    1.57914
     1.5838
    1.58845
    1.59308
     1.5977
    1.60231
     1.6069
    1.61147
    1.61604
    1.62058
    1.62511
    1.62963
    1.63413
    1.63862
    1.64309
    1.64754
    1.65198
    1.65641
    1.66082
    1.66521
    1.66959
    1.67395
    1.67829
    1.68262
    1.68694
    1.69123
    1.69552
    1.69978
    1.70403
    1.70826
    1.71248
    1.71667
    1.72086
    1.72502
    1.72917
     1.7333
    1.73741
    1.74151
    1.74559
    1.74965
    1.75369
    1.75772
    1.76173
    1.76572
    1.76969
    1.77364
    1.77758
     1.7815
     1.7854
    1.78928
    1.79314
    1.79698
    1.80081
    1.80461
     1.8084
    1.81216
    1.81591
    1.81963
    1.82334
    1.82703
     1.8307
    1.83434
    1.83797
    1.84157
    1.84516
    1.84872
    1.85227
    1.85579
    1.85929
    1.86277
    1.86623
    1.86966
    1.87307
    1.87647
    1.87983
    1.88318
     1.8865
     1.8898
    1.89307
    1.89633
    1.89955
    1.90276
    1.90594
    1.90909
    1.91222
    1.91532
     1.9184
    1.92145
    1.92447
    1.92747
    1.93044
    1.93338
    1.93629
    1.93917
    1.94203
    1.94485
    1.94765
    1.95041
    1.95314
    1.95584
     1.9585
    1.96113
    1.96373
    1.96629
    1.96881
    1.97129
    1.97373
    1.97613
    1.97848
    1.98079
    1.98305
    1.98526
    1.98741
    1.98951
    1.99153
    1.99348
    1.99536
    1.99704
    1.99887
     1.9998
    2.00227
    2.00244
    2.00589
     2.0059
    2.00983
    2.00983
    2.01405
    2.01405
    2.01851
    2.01851
    2.02318
    2.02318
    2.02804
    2.02804
    2.03308
    2.03308
    2.03829
    2.03829
    2.04365
    2.04365
    2.04916
    2.04916
    2.05483
    2.05483
    2.06063
    2.06063
    2.06658
    2.06658
    2.07266
    2.07266
    2.07888
    2.07888
    2.08523
    2.08523
    2.09171
    2.09171
    2.09832
    2.09832
    2.10506
    2.10506
    2.11194
    2.11194
    2.11894
    2.11894
    2.12607
    2.12607
    2.13333
    2.13333
    2.14072
    2.14072
    2.14824
    2.14824
    2.15589
    2.15589
    2.16368
    2.16368
    2.17159
    2.17159
    2.17964
    2.17964
    2.18783
    2.18783
    2.19615
    2.19615
    2.20461
    2.20461
    2.21321
    2.21321
    2.22196
    2.22196
    2.23084
    2.23084
    2.23988
    2.23988
    2.24906
    2.24906
     2.2584
     2.2584
    2.26789
    2.26789
    2.27754
    2.27754
    2.28736
    2.28736
    2.29733
    2.29733
    2.30748
    2.30748
     2.3178
     2.3178
     2.3283
     2.3283
    2.33899
    2.33899
    2.34986
    2.34986
    2.36093
    2.36093
    2.37219
    2.37219
    2.38367
    2.38367
    2.39535
    2.39535
    2.40726
    2.40726
     2.4194
     2.4194
    2.43178
    2.43178
    2.44441
    2.44441
     2.4573
     2.4573
    2.47046
    2.47046
    2.48391
    2.48391
    2.49765
    2.49765
    2.51171
    2.51171
    2.52611
    2.52611
    2.54086
    2.54086
    2.55598
    2.55598
    2.57151
    2.57151
    2.58747
    2.58747
    2.60389
    2.60389
    2.62082
    2.62082
    2.63829
    2.63829
    2.65636
    2.65636
     2.6751
     2.6751
    2.69459
    2.69459
    2.71491
    2.71491
     2.7362
     2.7362
    2.75862
    2.75862
    2.78238
    2.78238
    2.80779
    2.80779
    2.83531
    2.83531
    2.86573
    2.86573
    2.90053
    2.90053
    2.94357
    2.94357