    -1.85228
    -1.84561
    -1.83398
    -1.82991
    -1.82308
    -1.82298
    -1.82283
    -1.81476
    -1.81362
    -1.81213
    -1.81162
    -1.80944
     -1.8087
    -1.80719
    -1.80557
    -1.80171
    -1.79841
    -1.79519
    -1.79334
    -1.79256
    -1.79168
    -1.78552
    -1.78423
    -1.78271
    -1.78122
     -1.7791
    -1.77759
    -1.77132
     -1.7699
    -1.76903
    -1.76589
    -1.76324
    -1.76268
     -1.7594
    -1.75856
    -1.75833
    -1.75586
    -1.75586
    -1.75578
    -1.75407
    -1.75326
     -1.7521
    -1.75164
    -1.74974
    -1.74861
    -1.74775
    -1.74761
    -1.74697
     -1.7459
    -1.74327
    -1.74269
    -1.74189
    -1.74107
    -1.73863
    -1.73775
    -1.73654
    -1.73526
    -1.73412
    -1.73007
    -1.72943
    -1.72875
    -1.72124
    -1.72005
    -1.71876
    -1.71851
    -1.71725
    -1.71511
    -1.71455
    -1.71424
    -1.71133
    -1.71065
    -1.70868
     -1.7084
    -1.70369
    -1.70365
    -1.69671
    -1.69617
    -1.69566
    -1.69542
    -1.69258
    -1.69158
    -1.69145
    -1.68565
    -1.68529
    -1.68462
    -1.68448
    -1.68355
    -1.68342
    -1.67737
    -1.67327
      -1.673
    -1.67124
    -1.67123
    -1.66977
    -1.66766
    -1.66489
    -1.66245
    -1.65677
     -1.6565
    -1.65215
     -1.6483
    -1.64578
    -1.64445
    -1.64318
    -1.64031
    -1.63935
    -1.63528
     -1.6316
    -1.63018
    -1.63011
    -1.62692
    -1.62675
    -1.62603
     -1.6255
    -1.61869
    -1.61735
    -1.61231
    -1.61162
    -1.60707
    -1.60503
    -1.60195
    -1.59825
    -1.59747
    -1.59593
    -1.59434
    -1.59012
    -1.58835
     -1.5875
    -1.58715
    -1.58645
    -1.58508
    -1.58395
    -1.58137
    -1.57872
    -1.57337
    -1.57133
    -1.56892
    -1.56668
    -1.56629
    -1.56369
    -1.55569
    -1.55159
    -1.55093
    -1.54812
    -1.54783
    -1.54267
    -1.54177
    -1.54002
    -1.53586
    -1.53425
    -1.53361
    -1.53326
    -1.52985
    -1.52553
    -1.52518
    -1.51761
    -1.51117
    -1.50777
    -1.50751
     -1.5014
    -1.49687
      -1.496
    -1.49586
    -1.49163
    -1.48665
    -1.48526
    -1.48524
    -1.47986
    -1.47913
    -1.47879
    -1.47082
    -1.46338
    -1.46294
     -1.4616
    -1.45851
    -1.44931
    -1.44858
    -1.44613
    -1.44403
     -1.4377
    -1.43666
    -1.43085
     -1.4285
    -1.42426
    -1.42292
    -1.41861
    -1.41526
    -1.41517
    -1.40717
    -1.40389
    -1.40066
    -1.39436
     -1.3928
    -1.38962
     -1.3875
    -1.38484
    -1.38106
    -1.37812
    -1.37202
    -1.37129
     -1.3694
    -1.36318
    -1.35714
    -1.35374
     -1.3476
    -1.34667
    -1.34537
    -1.34127
    -1.33742
    -1.33467
    -1.32956
    -1.32423
    -1.31668
    -1.31537
    -1.31336
    -1.31108
    -1.30645
     -1.3033
    -1.29989
    -1.29255
     -1.2917
    -1.28843
    -1.27842
     -1.2761
    -1.27211
    -1.26603
    -1.26301
    -1.26186
    -1.25667
    -1.24573
    -1.24526
    -1.24494
    -1.23913
    -1.23559
    -1.23041
    -1.22674
    -1.22595
    -1.21613
    -1.21104
     -1.2096
    -1.20099
    -1.19698
     -1.1927
    -1.19086
    -1.17599
     -1.1755
    -1.17489
    -1.17083
    -1.16772
    -1.16464
    -1.15944
    -1.15901
    -1.14546
    -1.14399
    -1.14334
    -1.13347
    -1.12901
    -1.12702
    -1.12439
    -1.12014
    -1.11503
    -1.10731
    -1.10174
    -1.10016
    -1.09205
    -1.08914
    -1.08903
    -1.08306
     -1.0771
    -1.07248
    -1.06683
    -1.06205
    -1.05962
    -1.05204
    -1.05068
    -1.04627
    -1.04378
    -1.03884
    -1.02888
    -1.02286
    -1.02134
    -1.01781
     -1.0163
    -1.00462
   -0.997903
   -0.996969
   -0.986941
   -0.982739
   -0.981695
    -0.97869
   -0.970751
   -0.963883
   -0.958084
   -0.955216
   -0.948165
   -0.941929
   -0.939117
   -0.932625
   -0.930467
   -0.927617
    -0.92316
   -0.917232
   -0.910594
   -0.906552
   -0.899223
   -0.895562
   -0.894258
    -0.88609
   -0.879968
   -0.875857
    -0.87059
   -0.863472
   -0.860927
   -0.853785
   -0.851571
    -0.85027
   -0.840159
   -0.838489
   -0.831599
   -0.827913
    -0.82712
   -0.816008
   -0.811277
   -0.805998
   -0.798306
    -0.79295
    -0.78644
   -0.784684
   -0.779223
   -0.773977
   -0.770019
   -0.765851
   -0.757255
   -0.752428
   -0.743829
    -0.74111
   -0.733006
   -0.729127
   -0.723604
   -0.712813
   -0.712015
   -0.706513
   -0.700418
   -0.698656
   -0.696484
   -0.683433
   -0.680294
     -0.6774
   -0.669693
    -0.66616
   -0.655233
   -0.654248
   -0.641154
   -0.634377
   -0.632483
   -0.627831
   -0.614685
   -0.612878
   -0.610735
   -0.601671
   -0.597576
   -0.593096
   -0.589115
   -0.577501
   -0.573348
   -0.568588
   -0.562423
   -0.557973
   -0.547971
   -0.539361
   -0.538856
   -0.534297
   -0.532074
   -0.524583
   -0.511373
   -0.503927
   -0.501216
   -0.493545
   -0.489546
   -0.487318
   -0.479799
   -0.474182
   -0.470051
   -0.462843
    -0.45437
   -0.451261
   -0.445238
   -0.439009
   -0.436354
   -0.430666
   -0.426278
   -0.420947
   -0.417676
    -0.40519
   -0.403536
   -0.397895
   -0.386329
   -0.384383
   -0.374403
    -0.37395
   -0.363887
   -0.363404
   -0.354595
   -0.346321
   -0.345405
    -0.34071
   -0.328394
   -0.325529
   -0.316048
   -0.308381
   -0.307469
   -0.292686
   -0.291678
   -0.283604
   -0.281455
   -0.274175
   -0.262716
   -0.256992
   -0.251414
   -0.250451
   -0.244052
   -0.238311
   -0.228351
   -0.225098
   -0.222276
   -0.216388
   -0.212857
   -0.199472
   -0.197768
   -0.187537
   -0.185341
   -0.175514
   -0.167642
   -0.160733
   -0.155605
   -0.151454
   -0.149082
   -0.142544
   -0.138514
   -0.124825
   -0.123099
   -0.121727
   -0.113486
     -0.1072
   -0.100605
  -0.0919969
  -0.0798006
  -0.0769657
  -0.0682339
  -0.0661104
  -0.0544623
  -0.0504682
  -0.0414756
  -0.0402136
  -0.0325438
  -0.0287653
  -0.0206553
 -0.00986796
  -0.0076441
-0.000485852
  0.00305341
  0.00666931
   0.0121946
   0.0175128
   0.0266083
     0.03539
   0.0391401
   0.0505725
   0.0593033
   0.0635058
   0.0644892
   0.0746765
   0.0792902
   0.0875005
   0.0906523
   0.0959755
   0.0987171
    0.107193
    0.114689
    0.119271
    0.130117
    0.135634
    0.139091
    0.144324
    0.152994
    0.156484
    0.166092
     0.17086
    0.176322
    0.180322
    0.187715
    0.190034
    0.205129
    0.206642
    0.212737
    0.218091
    0.221464
    0.226498
    0.236023
    0.249727
    0.260629
    0.264525
    0.268421
    0.275951
    0.279711
     0.28379
    0.291543
    0.292821
    0.306663
    0.308614
    0.314781
    0.324706
    0.329608
     0.33212
    0.343381
    0.347485
    0.355431
    0.357184
     0.36492
    0.374945
    0.382198
    0.383486
    0.389757
    0.394734
    0.400693
    0.405985
    0.411352
    0.414549
    0.424377
      0.4338
    0.440444
    0.442463
    0.457142
    0.460914
    0.470833
    0.475448
    0.484333
    0.485136
    0.489755
    0.501512
    0.501803
    0.514136
    0.519287
    0.521733
    0.529678
     0.53706
    0.544473
    0.551038
     0.55582
    0.563203
    0.566796
    0.571815
    0.572375
    0.584453
    0.592149
    0.593177
    0.597657
    0.610867
    0.612499
    0.622628
    0.628037
    0.634695
    0.640837
    0.645863
    0.650929
    0.653257
    0.661597
    0.678586
    0.679557
    0.687013
    0.693655
    0.696017
    0.701231
    0.707545
    0.714677
    0.723603
    0.725696
    0.735926
    0.738934
    0.745725
    0.748614
    0.761366
    0.768192
    0.769431
     0.77582
    0.778875
    0.784112
    0.787736
    0.800254
    0.809233
    0.810954
    0.817921
    0.820605
    0.828422
    0.832727
    0.838312
    0.843001
    0.851413
    0.857939
    0.868432
    0.873889
    0.876394
    0.880374
    0.885054
    0.886085
    0.903163
    0.905942
     0.91585
     0.91824
    0.925597
    0.931113
    0.936771
    0.942685
    0.947037
    0.951535
    0.953923
    0.960053
    0.969606
     0.97623
    0.979333
    0.983622
    0.996263
     0.99959
     1.00362
      1.0094
     1.01444
      1.0179
     1.02403
     1.03059
     1.03281
      1.0497
     1.05837
      1.0592
     1.06466
     1.07043
     1.07354
     1.07823
     1.08387
      1.0959
     1.09777
      1.1069
      1.1089
     1.10997
     1.11957
     1.12431
     1.13458
     1.13833
     1.14315
      1.1501
     1.15801
     1.16555
     1.16615
     1.17275
     1.17953
     1.18591
     1.18776
     1.19198
     1.20041
     1.20283
     1.20335
        1.22
     1.22164
     1.22461
     1.22893
     1.23651
     1.23965
     1.24773
      1.2526
     1.25515
     1.26405
     1.26815
     1.27049
     1.27955
     1.29408
     1.29592
     1.29885
     1.30305
     1.31067
     1.31459
     1.32041
     1.32373
     1.33128
     1.33505
     1.34663
      1.3479
     1.35043
     1.35355
     1.36502
     1.36868
     1.37095
     1.37851
     1.38402
     1.38478
     1.38934
     1.39794
     1.39931
     1.40206
     1.40999
     1.41608
     1.41727
     1.42718
     1.43763
      1.4457
     1.44673
      1.4493
     1.45521
     1.45605
     1.46165
     1.46749
     1.47172
     1.48093
     1.48489
     1.48734
     1.48951
     1.49777
     1.50168
     1.50287
     1.50747
     1.51283
      1.5188
     1.52227
     1.52776
     1.53016
     1.53534
     1.53683
      1.5462
     1.55019
     1.55359
     1.56662
     1.56713
     1.57496
     1.57685
     1.58597
     1.58676
     1.59091
      1.5958
     1.59829
     1.60618
     1.60903
     1.61299
     1.62378
       1.628
     1.62979
     1.63355
     1.64063
     1.64112
      1.6428
     1.65568
     1.65908
     1.66313
     1.66645
     1.67117
     1.67487
     1.67585
      1.6854
     1.68931
     1.68991
     1.69577
     1.69802
      1.7023
     1.71159
     1.71439
     1.71816
     1.72244
     1.72461
     1.72991
     1.73092
     1.73359
     1.74263
     1.74776
     1.75534
     1.75774
     1.75877
     1.76649
     1.76866
     1.77422
     1.77772
     1.77891
     1.78081
     1.78481
     1.78896
     1.79452
     1.80274
     1.80279
     1.80756
     1.80937
     1.81463
     1.81896
     1.81941
     1.82522
     1.82792
     1.83684
     1.84059
     1.84473
     1.84574
     1.85243
     1.85625
     1.86065
      1.8646
     1.86898
     1.87075
     1.87179
     1.87495
     1.88028
     1.88146
     1.88214
     1.88765
     1.89392
     1.89414
     1.89758
     1.90361
     1.90597
     1.91345
     1.91598
     1.92118
     1.92809
     1.93118
     1.93424
     1.93619
     1.94072
     1.94196
     1.94835
     1.95272
     1.95305
     1.95781
     1.95827
     1.96005
     1.96051
     1.96532
     1.96773
     1.97194
     1.97406
     1.97877
     1.98069
     1.98317
     1.98508
       1.991
     1.99325
     2.00009
     2.00017
     2.00106
     2.00468
     2.00998
     2.01226
     2.01383
     2.01526
     2.01922
     2.02105
     2.02239
     2.03003
     2.03075
     2.03204
     2.03362
     2.03563
     2.03915
     2.04116
     2.04222
     2.06004
     2.06245
     2.06674
     2.06883
     2.07023
     2.07417
     2.07818
     2.07819
     2.07991
     2.08111
     2.08949
      2.0927
     2.09297
     2.09447
     2.10026
     2.10143
     2.10636
     2.10759
      2.1086
     2.10863
     2.11215
     2.11459
     2.11562
     2.11739
     2.11891
     2.12002
     2.12044
     2.12442
     2.12466
     2.12801
     2.12899
     2.13207
     2.13535
     2.13765
      2.1377
     2.13901
      2.1435
     2.14479
     2.14591
     2.14829
     2.14938
      2.1508
     2.15096
     2.15386
     2.15558
     2.15584
     2.15718
     2.15727
     2.15864
     2.16032
     2.16542
     2.16564
     2.16909
     2.17014
     2.17372
     2.17376
     2.18048
     2.18074
     2.18315
     2.18468
     2.18583
     2.18729
     2.18876
     2.19137
     2.19206
     2.19298
     2.19466
     2.19552
     2.19556
     2.19948
     2.20347
     2.20441
     2.20783
     2.20917
     2.21191
     2.21392
     2.21493
     2.21558
     2.21634
      2.2174
     2.21837
     2.22325
     2.22477
     2.22742
     2.22749
      2.2276
     2.22836
      2.2326
     2.23326
     2.23414
     2.23819
     2.23914
     2.24348
      2.2435
     2.24516
     2.24574
       2.246
     2.24728
     2.24908
     2.25032
     2.25166
     2.25169
     2.25483
     2.25569
     2.26029
     2.26268
     2.26493
     2.26682
     2.26977
     2.27014
     2.27021
     2.27178
     2.27516
     2.27587
     2.27844
     2.27869
     2.27872
     2.28265
     2.28366
     2.28615
     2.28725
     2.28848
     2.29029
     2.29046
     2.29211
      2.2963
     2.29652
     2.29821
     2.30004
     2.30026
     2.30059
     2.30181
     2.30277
     2.30801
     2.31107
     2.31115
     2.31263
     2.31318
     2.32165
     2.32802
     2.33362
     2.35524
     2.35759