  -1.99808
  -1.99349
  -1.99133
  -1.98096
   -1.9805
  -1.96125
   -1.9611
  -1.93383
  -1.93376
  -1.89878
  -1.89874
  -1.85622
  -1.85619
  -1.80632
   -1.8063
  -1.74928
  -1.74926
  -1.68532
  -1.68531
   -1.6147
  -1.61469
  -1.53769
  -1.53769
   -1.4546
   -1.4546
  -1.36576
  -1.36576
  -1.27151
  -1.27151
  -1.17224
  -1.17223
  -1.06832
  -1.06832
 -0.960174
 -0.960172
 -0.848225
 -0.848223
 -0.732916
 -0.732914
 -0.614701
   -0.6147
 -0.494047
 -0.494046
  -0.37143
 -0.371429
 -0.247333
 -0.247333
 -0.122248
 -0.122248
0.00333299
0.00333301
  0.128914
  0.128914
  0.253999
  0.253999
  0.378095
  0.378096
  0.500712
  0.500713
  0.621366
  0.621367
   0.73958
  0.739582
  0.854889
  0.854891
  0.966838
   0.96684
   1.07498
   1.07499
    1.1789
    1.1789
   1.27818
   1.27818
   1.37242
   1.37243
   1.46126
   1.46127
   1.54435
   1.54436
   1.62136
   1.62137
   1.69198
   1.69199
   1.75593
   1.75595
   1.81297
   1.81299
   1.86286
   1.86288
   1.90541
   1.90544
   1.94044
   1.94049
    1.9678
   1.96789
   1.98735
   1.98749
   1.99852
   1.99917
   2.00515