   -1.89996
   -1.89984
   -1.89965
   -1.89937
   -1.89902
   -1.89859
   -1.89807
   -1.89749
   -1.89682
   -1.89607
   -1.89525
   -1.89434
   -1.89336
    -1.8923
   -1.89117
   -1.88995
   -1.88866
   -1.88728
   -1.88583
    -1.8843
    -1.8827
   -1.88101
   -1.87925
   -1.87741
   -1.87549
    -1.8735
   -1.87142
   -1.86927
   -1.86705
   -1.86474
   -1.86236
    -1.8599
   -1.85736
   -1.85475
   -1.85206
   -1.84929
   -1.84645
   -1.84353
   -1.84053
   -1.83746
   -1.83431
   -1.83109
   -1.82779
   -1.82441
   -1.82096
   -1.81743
   -1.81383
   -1.81015
    -1.8064
   -1.80257
   -1.79867
   -1.79469
   -1.79064
   -1.78651
   -1.78231
   -1.77804
   -1.77369
   -1.76927
   -1.76477
   -1.76021
   -1.75556
   -1.75085
   -1.74606
    -1.7412
   -1.73627
   -1.73127
   -1.72619
   -1.72104
   -1.71582
   -1.71053
   -1.70517
   -1.69974
   -1.69424
   -1.68866
   -1.68302
    -1.6773
   -1.67152
   -1.66567
   -1.65974
   -1.65375
   -1.64769
   -1.64156
   -1.63536
   -1.62909
   -1.62276
   -1.61636
   -1.60989
   -1.60335
   -1.59675
   -1.59008
   -1.58334
   -1.57654
   -1.56967
   -1.56273
   -1.55573
   -1.54867
   -1.54154
   -1.53434
   -1.52709
   -1.51976
   -1.51238
   -1.50493
   -1.49741
   -1.48984
    -1.4822
    -1.4745
   -1.46674
   -1.45892
   -1.45103
   -1.44309
   -1.43508
   -1.42701
   -1.41889
    -1.4107
   -1.40245
   -1.39415
   -1.38579
   -1.37736
   -1.36888
   -1.36035
   -1.35175
    -1.3431
   -1.33439
   -1.32562
    -1.3168
   -1.30793
   -1.29899
   -1.29001
   -1.28096
   -1.27187
   -1.26272
   -1.25351
   -1.24426
   -1.23495
   -1.22558
   -1.21617
    -1.2067
   -1.19719
   -1.18762
     -1.178
   -1.16833
   -1.15861
   -1.14884
   -1.13902
   -1.12916
   -1.11924
   -1.10928
   -1.09927
   -1.08921
   -1.07911
   -1.06896
   -1.05876
   -1.04852
   -1.03823
    -1.0279
   -1.01752
    -1.0071
  -0.996639
  -0.986132
  -0.975582
   -0.96499
  -0.954356
  -0.943681
  -0.932965
  -0.922208
  -0.911411
  -0.900574
  -0.889698
  -0.878782
  -0.867829
  -0.856837
  -0.845808
  -0.834741
  -0.823638
  -0.812498
  -0.801323
  -0.790112
  -0.778866
  -0.767586
  -0.756271
  -0.744923
  -0.733541
  -0.722127
   -0.71068
  -0.699202
  -0.687692
  -0.676151
  -0.664579
  -0.652978
  -0.641346
  -0.629686
  -0.617997
   -0.60628
  -0.594535
  -0.582762
  -0.570963
  -0.559137
  -0.547286
  -0.535409
  -0.523507
   -0.51158
  -0.499629
  -0.487655
  -0.475658
  -0.463638
  -0.451595
  -0.439531
  -0.427446
   -0.41534
  -0.403214
  -0.391068
  -0.378903
  -0.366719
  -0.354516
  -0.342296
  -0.330058
  -0.317803
  -0.305532
  -0.293244
  -0.280942
  -0.268624
  -0.256292
  -0.243945
  -0.231586
  -0.219213
  -0.206827
   -0.19443
   -0.18202
    -0.1696
  -0.157169
  -0.144728
  -0.132278
  -0.119818
  -0.107349
 -0.0948724
  -0.082388
 -0.0698964
 -0.0573981
 -0.0448936
 -0.0323833
 -0.0198679
-0.00734762
 0.00517685
  0.0177051
  0.0302366
  0.0427709
  0.0553074
  0.0678458
  0.0803854
  0.0929258
   0.105467
   0.118007
   0.130547
   0.143086
   0.155623
   0.168158
    0.18069
   0.193219
   0.205745
   0.218266
   0.230783
   0.243294
     0.2558
     0.2683
   0.280794
    0.29328
   0.305758
   0.318229
   0.330691
   0.343144
   0.355588
   0.368021
   0.380444
   0.392856
   0.405257
   0.417645
   0.430021
   0.442384
   0.454734
    0.46707
   0.479391
   0.491698
   0.503989
   0.516264
   0.528523
   0.540765
    0.55299
   0.565197
   0.577386
   0.589556
   0.601707
   0.613838
   0.625949
   0.638039
   0.650108
   0.662156
   0.674181
   0.686184
   0.698164
    0.71012
   0.722053
   0.733961
   0.745844
   0.757702
   0.769534
   0.781339
   0.793118
    0.80487
   0.816594
   0.828289
   0.839957
   0.851595
   0.863203
   0.874782
    0.88633
   0.897847
   0.909333
   0.920787
   0.932209
   0.943598
   0.954954
   0.966276
   0.977565
   0.988819
    1.00004
    1.01122
    1.02237
    1.03348
    1.04456
    1.05559
    1.06659
    1.07756
    1.08848
    1.09936
    1.11021
    1.12102
    1.13178
    1.14251
    1.15319
    1.16383
    1.17443
    1.18499
    1.19551
    1.20598
    1.21641
     1.2268
    1.23714
    1.24744
    1.25769
    1.26789
    1.27805
    1.28817
    1.29823
    1.30825
    1.31823
    1.32815
    1.33803
    1.34785
    1.35763
    1.36736
    1.37704
    1.38667
    1.39625
    1.40578
    1.41525
    1.42468
    1.43405
    1.44337
    1.45264
    1.46185
    1.47101
    1.48012
    1.48917
    1.49817
    1.50711
      1.516
    1.52483
     1.5336
    1.54232
    1.55098
    1.55959
    1.56814
    1.57663
    1.58506
    1.59343
    1.60175
       1.61
     1.6182
    1.62634
    1.63441
    1.64243
    1.65038
    1.65828
    1.66611
    1.67388
    1.68159
    1.68924
    1.69683
    1.70435
    1.71181
     1.7192
    1.72654
     1.7338
    1.74101
    1.74815
    1.75522
    1.76223
    1.76918
    1.77605
    1.78287
    1.78961
    1.79629
     1.8029
    1.80945
    1.81593
    1.82234
    1.82868
    1.83496
    1.84117
     1.8473
    1.85337
    1.85937
    1.86531
    1.87117
    1.87696
    1.88268
    1.88834
    1.89392
    1.89943
    1.90487
    1.91024
    1.91554
    1.92077
    1.92592
      1.931
    1.93602
    1.94096
    1.94582
    1.95062
    1.95534
    1.95999
    1.96456
    1.96906
    1.97349
    1.97785
    1.98213
    1.98633
    1.99047
    1.99452
    1.99851
    2.00242
    2.00625
    2.01001
    2.01369
     2.0173
    2.02083
    2.02429
    2.02767
    2.03098
    2.03421
    2.03736
    2.04044
    2.04344
    2.04636
    2.04921
    2.05198
    2.05468
    2.05729
    2.05983
     2.0623
    2.06468
    2.06699
    2.06922
    2.07138
    2.07345
    2.07545
    2.07737
    2.07922
    2.08098
    2.08267
    2.08428
    2.08581
    2.08726
    2.08864
    2.08993
    2.09115
    2.09229
    2.09335
    2.09434
    2.09524
    2.09607
    2.09681
    2.09748
    2.09807
    2.09858
    2.09902
    2.09937
    2.09965
    2.09984
    2.09996
    8.10004
    8.10016
    8.10035
    8.10063
    8.10098
    8.10142
    8.10193
    8.10252
    8.10319
    8.10393
    8.10476
    8.10566
    8.10665
    8.10771
    8.10885
    8.11007
    8.11136
    8.11274
    8.11419
    8.11572
    8.11733
    8.11902
    8.12078
    8.12263
    8.12455
    8.12655
    8.12862
    8.13078
    8.13301
    8.13532
     8.1377
    8.14017
    8.14271
    8.14532
    8.14802
    8.15079
    8.15364
    8.15656
    8.15956
    8.16264
    8.16579
    8.16902
    8.17233
    8.17571
    8.17917
     8.1827
    8.18631
    8.18999
    8.19375
    8.19758
    8.20149
    8.20548
    8.20953
    8.21367
    8.21787
    8.22215
    8.22651
    8.23094
    8.23544
    8.24001
    8.24466
    8.24938
    8.25418
    8.25904
    8.26398
      8.269
    8.27408
    8.27923
    8.28446
    8.28976
    8.29513
    8.30057
    8.30608
    8.31166
    8.31732
    8.32304
    8.32883
    8.33469
    8.34063
    8.34663
     8.3527
    8.35883
    8.36504
    8.37132
    8.37766
    8.38407
    8.39055
     8.3971
    8.40371
    8.41039
    8.41713
    8.42395
    8.43082
    8.43777
    8.44478
    8.45185
    8.45899
     8.4662
    8.47346
     8.4808
    8.48819
    8.49565
    8.50317
    8.51076
    8.51841
    8.52612
    8.53389
    8.54172
    8.54962
    8.55757
    8.56559
    8.57366
     8.5818
       8.59
    8.59825
    8.60657
    8.61494
    8.62337
    8.63186
    8.64041
    8.64902
    8.65768
     8.6664
    8.67517
      8.684
    8.69289
    8.70183
    8.71083
    8.71988
    8.72899
    8.73815
    8.74736
    8.75663
    8.76595
    8.77532
    8.78475
    8.79422
    8.80375
    8.81333
    8.82296
    8.83264
    8.84237
    8.85215
    8.86197
    8.87185
    8.88177
    8.89175
    8.90177
    8.91183
    8.92195
    8.93211
    8.94231
    8.95256
    8.96286
     8.9732
    8.98359
    8.99402
    9.00449
    9.01501
    9.02557
    9.03617
    9.04681
    9.05749
    9.06822
    9.07898
    9.08979
    9.10064
    9.11152
    9.12244
    9.13341
    9.14441
    9.15544
    9.16652
    9.17763
    9.18878
    9.19996
    9.21118
    9.22244
    9.23372
    9.24505
     9.2564
    9.26779
    9.27921
    9.29067
    9.30215
    9.31367
    9.32522
     9.3368
    9.34841
    9.36004
    9.37171
    9.38341
    9.39513
    9.40688
    9.41866
    9.43047
     9.4423
    9.45416
    9.46604
    9.47795
    9.48988
    9.50184
    9.51382
    9.52582
    9.53784
    9.54989
    9.56196
    9.57405
    9.58616
    9.59829
    9.61044
    9.62261
     9.6348
    9.64701
    9.65923
    9.67148
    9.68374
    9.69601
     9.7083
    9.72061
    9.73293
    9.74527
    9.75762
    9.76998
    9.78235
    9.79474
    9.80714
    9.81956
    9.83198
    9.84441
    9.85686
    9.86931
    9.88177
    9.89424
    9.90672
    9.91921
     9.9317
     9.9442
    9.95671
    9.96922
    9.98173
    9.99426
    10.0068
    10.0193
    10.0318
    10.0444
    10.0569
    10.0695
     10.082
    10.0945
    10.1071
    10.1196
    10.1322
    10.1447
    10.1572
    10.1698
    10.1823
    10.1948
    10.2073
    10.2199
    10.2324
    10.2449
    10.2574
    10.2699
    10.2824
    10.2949
    10.3073
    10.3198
    10.3323
    10.3447
    10.3572
    10.3696
     10.382
    10.3944
    10.4068
    10.4192
    10.4316
    10.4439
    10.4563
    10.4686
    10.4809
    10.4932
    10.5055
    10.5178
    10.5301
    10.5423
    10.5545
    10.5667
    10.5789
    10.5911
    10.6032
    10.6153
    10.6274
    10.6395
    10.6516
    10.6636
    10.6757
    10.6877
    10.6996
    10.7116
    10.7235
    10.7354
    10.7473
    10.7591
     10.771
    10.7828
    10.7945
    10.8063
     10.818
    10.8297
    10.8413
     10.853
    10.8646
    10.8762
    10.8877
    10.8992
    10.9107
    10.9221
    10.9335
    10.9449
    10.9563
    10.9676
    10.9789
    10.9901
    11.0013
    11.0125
    11.0236
    11.0347
    11.0458
    11.0568
    11.0678
    11.0788
    11.0897
    11.1006
    11.1114
    11.1222
     11.133
    11.1437
    11.1544
     11.165
    11.1756
    11.1861
    11.1966
    11.2071
    11.2175
    11.2279
    11.2382
    11.2485
    11.2588
     11.269
    11.2791
    11.2892
    11.2993
    11.3093
    11.3192
    11.3292
     11.339
    11.3488
    11.3586
    11.3683
     11.378
    11.3876
    11.3972
    11.4067
    11.4162
    11.4256
    11.4349
    11.4443
    11.4535
    11.4627
    11.4719
     11.481
      11.49
     11.499
    11.5079
    11.5168
    11.5256
    11.5344
    11.5431
    11.5518
    11.5603
    11.5689
    11.5774
    11.5858
    11.5941
    11.6025
    11.6107
    11.6189
     11.627
    11.6351
    11.6431
     11.651
    11.6589
    11.6667
    11.6745
    11.6822
    11.6898
    11.6974
    11.7049
    11.7124
    11.7198
    11.7271
    11.7343
    11.7415
    11.7487
    11.7557
    11.7627
    11.7697
    11.7765
    11.7833
    11.7901
    11.7967
    11.8034
    11.8099
    11.8164
    11.8228
    11.8291
    11.8354
    11.8416
    11.8477
    11.8538
    11.8597
    11.8657
    11.8715
    11.8773
     11.883
    11.8887
    11.8942
    11.8997
    11.9052
    11.9105
    11.9158
     11.921
    11.9262
    11.9313
    11.9363
    11.9412
    11.9461
    11.9509
    11.9556
    11.9602
    11.9648
    11.9693
    11.9737
     11.978
    11.9823
    11.9865
    11.9906
    11.9947
    11.9987
    12.0026
    12.0064
    12.0102
    12.0138
    12.0174
     12.021
    12.0244
    12.0278
    12.0311
    12.0343
    12.0375
    12.0405
    12.0435
    12.0464
    12.0493
    12.0521
    12.0547
    12.0574
    12.0599
    12.0624
    12.0647
     12.067
    12.0693
    12.0714
    12.0735
    12.0755
    12.0774
    12.0793
     12.081
    12.0827
    12.0843
    12.0858
    12.0873
    12.0887
    12.0899
    12.0912
    12.0923
    12.0934
    12.0943
    12.0952
    12.0961
    12.0968
    12.0975
    12.0981
    12.0986
     12.099
    12.0994
    12.0996
    12.0998
       12.1