   -1.89996
   -1.89984
   -1.89965
   -1.89937
   -1.89902
   -1.89859
   -1.89808
   -1.89749
   -1.89682
   -1.89608
   -1.89526
   -1.89435
   -1.89337
   -1.89232
   -1.89118
   -1.88997
   -1.88867
    -1.8873
   -1.88586
   -1.88433
   -1.88273
   -1.88105
   -1.87929
   -1.87745
   -1.87554
   -1.87354
   -1.87147
   -1.86933
    -1.8671
    -1.8648
   -1.86242
   -1.85997
   -1.85744
   -1.85483
   -1.85214
   -1.84938
   -1.84654
   -1.84363
   -1.84064
   -1.83757
   -1.83443
   -1.83121
   -1.82791
   -1.82454
    -1.8211
   -1.81758
   -1.81398
   -1.81031
   -1.80656
   -1.80274
   -1.79885
   -1.79488
   -1.79083
   -1.78671
   -1.78252
   -1.77825
   -1.77391
    -1.7695
   -1.76501
   -1.76045
   -1.75582
   -1.75111
   -1.74634
   -1.74149
   -1.73656
   -1.73157
    -1.7265
   -1.72136
   -1.71615
   -1.71087
   -1.70552
    -1.7001
    -1.6946
   -1.68904
   -1.68341
    -1.6777
   -1.67193
   -1.66609
   -1.66018
   -1.65419
   -1.64814
   -1.64203
   -1.63584
   -1.62958
   -1.62326
   -1.61687
   -1.61042
   -1.60389
    -1.5973
   -1.59064
   -1.58392
   -1.57713
   -1.57027
   -1.56335
   -1.55637
   -1.54932
    -1.5422
   -1.53502
   -1.52778
   -1.52047
    -1.5131
   -1.50566
   -1.49817
   -1.49061
   -1.48298
    -1.4753
   -1.46755
   -1.45975
   -1.45188
   -1.44395
   -1.43596
   -1.42791
    -1.4198
   -1.41163
    -1.4034
   -1.39512
   -1.38677
   -1.37837
   -1.36991
   -1.36139
   -1.35281
   -1.34418
   -1.33549
   -1.32675
   -1.31795
   -1.30909
   -1.30018
   -1.29121
   -1.28219
   -1.27312
   -1.26399
   -1.25481
   -1.24558
   -1.23629
   -1.22695
   -1.21756
   -1.20812
   -1.19863
   -1.18909
    -1.1795
   -1.16985
   -1.16016
   -1.15042
   -1.14063
    -1.1308
   -1.12091
   -1.11098
     -1.101
   -1.09098
   -1.08091
   -1.07079
   -1.06063
   -1.05043
   -1.04018
   -1.02989
   -1.01955
   -1.00918
  -0.998762
  -0.988305
  -0.977808
  -0.967273
  -0.956701
  -0.946094
  -0.935455
  -0.924788
  -0.914105
  -0.903446
  -0.899961
  -0.899842
  -0.899645
  -0.899369
  -0.899014
  -0.898581
   -0.89807
  -0.897481
  -0.896814
  -0.896071
  -0.895253
  -0.894367
  -0.893451
  -0.892778
  -0.892138
  -0.891083
   -0.88989
  -0.888609
  -0.887249
  -0.885816
  -0.884322
  -0.882838
  -0.881821
  -0.880762
  -0.879122
  -0.877327
  -0.875448
  -0.873519
  -0.871704
  -0.870605
  -0.869015
  -0.866904
   -0.86467
  -0.862399
  -0.860433
  -0.859209
  -0.857105
  -0.854616
  -0.852053
  -0.849723
   -0.84833
  -0.846122
  -0.843373
  -0.840565
  -0.838262
  -0.836702
  -0.834013
  -0.830984
  -0.828102
  -0.826333
  -0.823951
  -0.820769
    -0.8176
  -0.815475
  -0.813231
   -0.80991
  -0.806555
  -0.804298
  -0.801925
  -0.798423
  -0.794968
  -0.792805
  -0.790045
  -0.786331
  -0.782973
  -0.780916
   -0.77756
   -0.77369
   -0.77083
  -0.768362
  -0.764467
  -0.760731
  -0.758466
  -0.754992
  -0.750879
   -0.74798
   -0.74516
   -0.74096
  -0.737346
  -0.734898
  -0.730818
  -0.726721
  -0.724219
  -0.720408
  -0.716035
  -0.713243
   -0.70972
  -0.705189
  -0.702077
  -0.698761
  -0.694131
  -0.690766
   -0.68755
  -0.682843
  -0.679317
  -0.676104
  -0.671322
   -0.66773
  -0.664436
  -0.659572
  -0.656008
  -0.652547
  -0.647604
  -0.644152
  -0.640434
  -0.635442
  -0.632156
  -0.628089
  -0.623122
  -0.619994
  -0.615511
  -0.610705
   -0.60761
  -0.602713
  -0.598251
  -0.594936
  -0.589729
  -0.585769
  -0.581935
  -0.576638
   -0.57317
  -0.568632
   -0.56358
  -0.560278
  -0.555097
  -0.550656
  -0.546934
  -0.541461
  -0.537743
  -0.533165
  -0.527951
  -0.524507
  -0.519137
  -0.514715
  -0.510686
  -0.505104
  -0.501459
  -0.496399
   -0.49141
  -0.487657
  -0.481967
  -0.477979
  -0.473189
  -0.467843
  -0.464146
   -0.45844
  -0.454176
  -0.449515
  -0.443974
  -0.440231
  -0.434493
  -0.430086
    -0.4254
  -0.419777
  -0.415956
  -0.410128
  -0.405719
  -0.400862
  -0.395265
   -0.39133
   -0.38537
  -0.381077
  -0.375913
  -0.370475
  -0.366329
  -0.360267
  -0.356143
  -0.350565
  -0.345452
  -0.340915
  -0.334902
  -0.330854
   -0.32486
  -0.320205
   -0.31507
  -0.309384
  -0.305113
  -0.298904
  -0.294656
  -0.288834
  -0.283762
  -0.278856
  -0.272874
  -0.268625
  -0.262349
  -0.257918
  -0.252143
  -0.246876
  -0.241972
  -0.235879
  -0.231554
  -0.225203
  -0.220715
  -0.214808
  -0.209567
  -0.204464
  -0.198414
  -0.193937
  -0.187506
  -0.183058
  -0.176873
  -0.171854
  -0.166352
  -0.160544
  -0.155749
  -0.149359
  -0.144897
   -0.13842
  -0.133727
  -0.127667
  -0.122337
  -0.116951
  -0.110912
  -0.106126
 -0.0996185
 -0.0950716
 -0.0885267
 -0.0837508
 -0.0775842
  -0.072243
 -0.0666783
 -0.0606861
 -0.0556966
 -0.0492078
 -0.0445447
 -0.0378828
 -0.0331731
 -0.0267019
 -0.0216095
 -0.0155951
-0.00994074
-0.00447795
 0.00173428
 0.00672609
  0.0133342
  0.0180777
  0.0248166
  0.0296042
  0.0361905
  0.0412848
  0.0475027
  0.0530628
  0.0588103
  0.0648723
  0.0701665
  0.0766548
  0.0816157
  0.0883692
  0.0931883
        0.1
   0.104892
   0.111559
   0.116707
   0.123077
   0.128599
   0.134589
   0.140529
   0.146126
    0.15246
   0.157718
   0.164364
   0.169384
   0.176224
   0.181137
   0.188033
    0.19298
   0.199798
   0.204902
   0.211534
   0.216886
   0.223258
   0.228911
   0.234988
    0.24096
   0.246738
   0.253016
   0.258521
   0.265065
   0.270346
   0.277099
   0.282218
   0.289113
    0.29414
   0.301107
   0.306112
    0.31308
   0.318129
    0.32504
   0.330186
   0.336991
   0.342275
   0.348939
    0.35439
    0.36089
   0.366522
   0.372849
   0.378668
   0.384818
   0.390822
   0.396803
    0.40298
   0.408803
    0.41514
    0.42082
     0.4273
   0.432854
   0.439459
   0.444905
   0.451616
   0.456973
   0.463771
   0.469056
   0.475924
   0.481153
   0.488076
   0.493262
   0.500228
   0.505382
   0.512378
   0.517511
   0.524529
   0.529647
   0.536681
    0.54179
   0.548833
   0.553937
   0.560986
   0.566088
    0.57314
   0.578241
   0.585295
   0.590395
    0.59745
    0.60255
   0.609605
   0.614705
   0.621759
    0.62686
   0.633912
   0.639014
   0.646063
   0.651167
    0.65821
   0.663319
   0.670353
   0.675471
   0.682489
   0.687622
   0.694618
   0.699772
   0.706738
   0.711924
   0.718847
   0.724076
   0.730944
   0.736229
   0.743027
   0.748384
   0.755095
   0.760541
   0.767146
     0.7727
    0.77918
    0.78486
   0.791197
    0.79702
   0.803197
   0.809178
   0.815182
   0.821332
   0.827151
   0.833478
    0.83911
    0.84561
   0.851061
   0.857725
   0.863009
   0.869814
    0.87496
   0.881871
    0.88692
   0.893888
   0.898893
    0.90586
   0.910887
   0.917782
   0.922901
   0.929654
   0.934935
   0.941479
   0.946984
   0.953262
    0.95904
   0.965012
   0.971089
   0.976742
   0.983114
   0.988466
   0.995098
     1.0002
    1.00702
    1.01197
    1.01886
    1.02378
    1.03062
    1.03564
    1.04228
    1.04754
    1.05387
    1.05947
    1.06541
     1.0714
    1.07692
    1.08329
    1.08844
    1.09511
        1.1
    1.10681
    1.11163
    1.11838
    1.12335
    1.12983
    1.13513
    1.14119
    1.14694
     1.1525
    1.15872
    1.16381
     1.1704
    1.17518
    1.18192
    1.18667
    1.19327
    1.19827
    1.20448
    1.20994
     1.2156
    1.22161
     1.2267
    1.23317
    1.23788
    1.24454
    1.24921
     1.2557
    1.26069
    1.26668
    1.27224
    1.27758
    1.28375
    1.28853
    1.29507
    1.29962
    1.30613
    1.31091
    1.31695
    1.32234
    1.32767
    1.33373
    1.33842
     1.3449
    1.34936
    1.35575
    1.36054
    1.36635
    1.37185
    1.37687
    1.38306
    1.38751
    1.39394
    1.39841
    1.40446
    1.40957
    1.41481
    1.42071
     1.4252
    1.43155
    1.43588
    1.44197
    1.44688
    1.45214
    1.45792
    1.46235
    1.46862
    1.47287
    1.47886
    1.48376
    1.48883
    1.49466
     1.4989
    1.50511
    1.50938
    1.51507
    1.52021
    1.52486
    1.53085
     1.5349
    1.54092
    1.54545
    1.55056
    1.55614
    1.56027
    1.56633
    1.57047
    1.57591
    1.58108
    1.58537
    1.59133
    1.59526
    1.60086
    1.60572
    1.61013
    1.61596
    1.61978
     1.6254
    1.63009
    1.63449
    1.64023
    1.64397
    1.64951
    1.65418
    1.65844
    1.66415
    1.66784
    1.67319
    1.67798
    1.68197
    1.68766
    1.69141
     1.6964
    1.70146
     1.7051
    1.71069
    1.71471
    1.71914
    1.72451
    1.72795
    1.73317
    1.73774
    1.74146
    1.74693
    1.75066
     1.7551
    1.76028
    1.76358
    1.76863
    1.77317
    1.77664
    1.78193
    1.78577
    1.78973
    1.79494
    1.79825
    1.80271
    1.80761
     1.8107
    1.81551
    1.81999
    1.82312
    1.82809
    1.83216
    1.83544
    1.84043
    1.84415
     1.8476
    1.85255
    1.85601
    1.85957
    1.86444
    1.86773
    1.87132
     1.8761
    1.87932
    1.88284
    1.88755
    1.89077
    1.89413
    1.89876
    1.90208
    1.90519
    1.90972
    1.91324
    1.91604
    1.92041
    1.92422
    1.92672
    1.93082
     1.9349
    1.93735
    1.94096
    1.94516
    1.94798
    1.95088
    1.95499
    1.95847
    1.96073
    1.96447
    1.96836
    1.97083
    1.97369
    1.97756
    1.98092
    1.98297
    1.98633
    1.99005
    1.99281
    1.99497
    1.99842
    2.00192
     2.0043
    2.00655
    2.00991
    2.01323
    2.01548
     2.0176
    2.02077
    2.02395
    2.02633
     2.0281
    2.03098
    2.03401
     2.0367
    2.03826
    2.04056
    2.04337
    2.04612
    2.04833
    2.04972
    2.05205
    2.05462
    2.05711
    2.05921
    2.06043
     2.0624
    2.06467
     2.0669
    2.06902
    2.07061
     2.0717
    2.07352
    2.07545
    2.07733
    2.07912
    2.08076
    2.08182
    2.08284
    2.08432
    2.08582
    2.08725
    2.08861
    2.08989
    2.09108
    2.09214
    2.09278
    2.09345
    2.09437
    2.09525
    2.09607
    2.09681
    2.09748
    2.09807
    2.09858
    2.09901
    2.09937
    2.09964
    2.09984
    2.09996
    2.10345
    2.11411
    2.12479
    2.13545
    2.14609
     2.1567
    2.16727
    2.17781
     2.1883
    2.19876
    2.20918
    2.21955
    2.22989
    2.24018
    2.25043
    2.26063
    2.27079
    2.28091
    2.29098
      2.301
    2.31098
    2.32091
     2.3308
    2.34063
    2.35042
    2.36016
    2.36985
     2.3795
    2.38909
    2.39863
    2.40812
    2.41756
    2.42695
    2.43629
    2.44558
    2.45481
    2.46399
    2.47312
    2.48219
    2.49121
    2.50018
    2.50909
    2.51795
    2.52675
    2.53549
    2.54418
    2.55281
    2.56139
    2.56991
    2.57837
    2.58677
    2.59512
     2.6034
    2.61163
     2.6198
    2.62791
    2.63596
    2.64395
    2.65188
    2.65975
    2.66755
     2.6753
    2.68298
    2.69061
    2.69817
    2.70566
     2.7131
    2.72047
    2.72778
    2.73502
     2.7422
    2.74932
    2.75637
    2.76335
    2.77027
    2.77713
    2.78392
    2.79064
     2.7973
    2.80389
    2.81042
    2.81687
    2.82326
    2.82958
    2.83584
    2.84203
    2.84814
    2.85419
    2.86018
    2.86609
    2.87193
     2.8777
    2.88341
    2.88904
     2.8946
     2.9001
    2.90552
    2.91087
    2.91615
    2.92136
     2.9265
    2.93157
    2.93656
    2.94149
    2.94634
    2.95111
    2.95582
    2.96045
    2.96501
     2.9695
    2.97391
    2.97825
    2.98252
    2.98671
    2.99083
    2.99488
    2.99885
    3.00274
    3.00656
    3.01031
    3.01398
    3.01758
     3.0211
    3.02454
    3.02791
    3.03121
    3.03443
    3.03757
    3.04064
    3.04363
    3.04654
    3.04938
    3.05214
    3.05483
    3.05744
    3.05997
    3.06242
     3.0648
     3.0671
    3.06933
    3.07147
    3.07354
    3.07554
    3.07745
    3.07929
    3.08105
    3.08273
    3.08433
    3.08586
     3.0873
    3.08867
    3.08997
    3.09118
    3.09232
    3.09337
    3.09435
    3.09526
    3.09608
    3.09682
    3.09749
    3.09808
    3.09859
    3.09902
    3.09937
    3.09965
    3.09984
    3.09996