   -1.89999
   -1.89996
   -1.89991
   -1.89984
   -1.89975
   -1.89965
   -1.89952
   -1.89937
    -1.8992
   -1.89902
   -1.89881
   -1.89858
   -1.89834
   -1.89807
   -1.89778
   -1.89748
   -1.89715
   -1.89681
   -1.89645
   -1.89606
   -1.89566
   -1.89523
   -1.89479
   -1.89433
   -1.89385
   -1.89335
   -1.89282
   -1.89228
   -1.89172
   -1.89114
   -1.89054
   -1.88992
   -1.88928
   -1.88862
   -1.88795
   -1.88725
   -1.88653
   -1.88579
   -1.88504
   -1.88426
   -1.88347
   -1.88265
   -1.88182
   -1.88096
   -1.88009
   -1.87919
   -1.87828
   -1.87735
    -1.8764
   -1.87543
   -1.87444
   -1.87342
    -1.8724
   -1.87135
   -1.87028
   -1.86919
   -1.86808
   -1.86696
   -1.86581
   -1.86465
   -1.86346
   -1.86226
   -1.86103
   -1.85979
   -1.85853
   -1.85725
   -1.85595
   -1.85463
   -1.85329
   -1.85193
   -1.85055
   -1.84916
   -1.84774
    -1.8463
   -1.84485
   -1.84338
   -1.84188
   -1.84037
   -1.83884
   -1.83729
   -1.83572
   -1.83413
   -1.83253
    -1.8309
   -1.82926
   -1.82759
   -1.82591
   -1.82421
   -1.82248
   -1.82074
   -1.81899
   -1.81721
   -1.81541
    -1.8136
   -1.81176
   -1.80991
   -1.80804
   -1.80615
   -1.80424
   -1.80231
   -1.80036
   -1.79839
   -1.79641
   -1.79441
   -1.79238
   -1.79034
   -1.78828
   -1.78621
   -1.78411
     -1.782
   -1.77986
   -1.77771
   -1.77554
   -1.77335
   -1.77114
   -1.76892
   -1.76667
   -1.76441
   -1.76213
   -1.75983
   -1.75751
   -1.75518
   -1.75282
   -1.75045
   -1.74806
   -1.74565
   -1.74322
   -1.74078
   -1.73831
   -1.73583
   -1.73333
   -1.73082
   -1.72828
   -1.72573
   -1.72316
   -1.72057
   -1.71796
   -1.71533
   -1.71269
   -1.71003
   -1.70735
   -1.70465
   -1.70194
   -1.69921
   -1.69646
   -1.69369
    -1.6909
    -1.6881
   -1.68528
   -1.68244
   -1.67958
   -1.67671
   -1.67382
   -1.67091
   -1.66799
   -1.66504
   -1.66208
    -1.6591
   -1.65611
    -1.6531
   -1.65007
   -1.64702
   -1.64396
   -1.64087
   -1.63778
   -1.63466
   -1.63153
   -1.62838
   -1.62521
   -1.62203
   -1.61883
   -1.61561
   -1.61237
   -1.60912
   -1.60585
   -1.60257
   -1.59927
   -1.59595
   -1.59261
   -1.58926
   -1.58589
   -1.58251
   -1.57911
   -1.57569
   -1.57225
    -1.5688
   -1.56533
   -1.56185
   -1.55835
   -1.55483
    -1.5513
   -1.54775
   -1.54418
    -1.5406
     -1.537
   -1.53339
   -1.52976
   -1.52611
   -1.52245
   -1.51877
   -1.51508
   -1.51137
   -1.50764
    -1.5039
   -1.50014
   -1.49637
   -1.49258
   -1.48877
   -1.48495
   -1.48112
   -1.47727
    -1.4734
   -1.46952
   -1.46562
    -1.4617
   -1.45778
   -1.45383
   -1.44987
    -1.4459
   -1.44191
    -1.4379
   -1.43388
   -1.42985
   -1.42579
   -1.42173
   -1.41765
   -1.41355
   -1.40944
   -1.40532
   -1.40118
   -1.39702
   -1.39285
   -1.38867
   -1.38447
   -1.38025
   -1.37603
   -1.37178
   -1.36753
   -1.36325
   -1.35897
   -1.35467
   -1.35035
   -1.34602
   -1.34168
   -1.33732
   -1.33295
   -1.32856
   -1.32416
   -1.31975
   -1.31532
   -1.31088
   -1.30642
   -1.30196
   -1.29747
   -1.29297
   -1.28846
   -1.28394
    -1.2794
   -1.27485
   -1.27028
    -1.2657
   -1.26111
   -1.25651
   -1.25189
   -1.24725
   -1.24261
   -1.23795
   -1.23328
   -1.22859
   -1.22389
   -1.21918
   -1.21446
   -1.20972
   -1.20497
   -1.20021
   -1.19543
   -1.19064
   -1.18584
   -1.18103
    -1.1762
   -1.17136
   -1.16651
   -1.16165
   -1.15677
   -1.15188
   -1.14698
   -1.14207
   -1.13714
    -1.1322
   -1.12725
   -1.12229
   -1.11732
   -1.11233
   -1.10733
   -1.10232
    -1.0973
   -1.09226
   -1.08722
   -1.08216
   -1.07709
   -1.07201
   -1.06692
   -1.06182
    -1.0567
   -1.05158
   -1.04644
   -1.04129
   -1.03613
   -1.03096
   -1.02578
   -1.02058
   -1.01538
   -1.01016
   -1.00494
  -0.999698
  -0.994449
   -0.98919
  -0.983921
   -0.97864
  -0.973349
  -0.968047
  -0.962735
  -0.957412
  -0.952079
  -0.946736
  -0.941382
  -0.936018
  -0.930644
   -0.92526
  -0.919865
  -0.914461
  -0.909046
  -0.903622
  -0.898187
  -0.892743
  -0.887289
  -0.881826
  -0.876352
  -0.870869
  -0.865377
  -0.859875
  -0.854363
  -0.848843
  -0.843312
  -0.837773
  -0.832224
  -0.826666
  -0.821099
  -0.815523
  -0.809938
  -0.804344
  -0.798741
  -0.793129
  -0.787508
  -0.781879
  -0.776241
  -0.770594
  -0.764939
  -0.759275
  -0.753603
  -0.747922
  -0.742233
  -0.736536
   -0.73083
  -0.725116
  -0.719394
  -0.713664
  -0.707926
  -0.702181
  -0.696427
  -0.690665
  -0.684896
  -0.679118
  -0.673333
  -0.667541
  -0.661741
  -0.655933
  -0.650118
  -0.644296
  -0.638466
  -0.632629
  -0.626785
  -0.620934
  -0.615075
   -0.60921
  -0.603337
  -0.597458
  -0.591572
  -0.585678
  -0.579779
  -0.573872
  -0.567959
  -0.562039
  -0.556113
   -0.55018
  -0.544241
  -0.538295
  -0.532344
  -0.526386
  -0.520421
  -0.514451
  -0.508475
  -0.502492
  -0.496504
   -0.49051
   -0.48451
  -0.478504
  -0.472493
  -0.466476
  -0.460453
  -0.454425
  -0.448391
  -0.442352
  -0.436308
  -0.430258
  -0.424203
  -0.418143
  -0.412078
  -0.406008
  -0.399933
  -0.393853
  -0.387768
  -0.381678
  -0.375583
  -0.369484
   -0.36338
  -0.357272
  -0.351159
  -0.345042
   -0.33892
  -0.332794
  -0.326664
  -0.320529
  -0.314391
  -0.308248
  -0.302101
   -0.29595
  -0.289796
  -0.283637
  -0.277475
  -0.271309
   -0.26514
  -0.258966
   -0.25279
  -0.246609
  -0.240426
  -0.234239
  -0.228049
  -0.221855
  -0.215658
  -0.209459
  -0.203256
   -0.19705
  -0.190841
   -0.18463
  -0.178415
  -0.172198
  -0.165978
  -0.159756
  -0.153531
  -0.147303
  -0.141073
  -0.134841
  -0.128606
   -0.12237
   -0.11613
  -0.109889
  -0.103646
 -0.0974007
 -0.0911535
 -0.0849044
 -0.0786534
 -0.0724008
 -0.0661464
 -0.0598904
 -0.0536328
 -0.0473737
 -0.0411131
 -0.0348511
 -0.0285879
 -0.0223233
 -0.0160576
-0.00979068
-0.00352271
 0.00274629
 0.00901624
  0.0152871
  0.0215588
  0.0278312
  0.0341044
  0.0403782
  0.0466526
  0.0529275
  0.0592029
  0.0654787
  0.0717549
  0.0780313
  0.0843079
  0.0905847
  0.0968615
   0.103138
   0.109415
   0.115692
   0.121969
   0.128245
   0.134521
   0.140797
   0.147072
   0.153347
   0.159622
   0.165896
   0.172169
   0.178441
   0.184713
   0.190984
   0.197254
   0.203523
   0.209791
   0.216058
   0.222323
   0.228588
   0.234851
   0.241113
   0.247374
   0.253633
    0.25989
   0.266146
   0.272401
   0.278653
   0.284904
   0.291153
   0.297401
   0.303646
   0.309889
    0.31613
    0.32237
   0.328606
   0.334841
   0.341073
   0.347303
   0.353531
   0.359756
   0.365978
   0.372198
   0.378415
    0.38463
   0.390841
    0.39705
   0.403256
   0.409459
   0.415658
   0.421855
   0.428049
   0.434239
   0.440426
   0.446609
    0.45279
   0.458966
    0.46514
   0.471309
   0.477475
   0.483637
   0.489796
    0.49595
   0.502101
   0.508248
   0.514391
   0.520529
   0.526664
   0.532794
    0.53892
   0.545042
   0.551159
   0.557272
    0.56338
   0.569484
   0.575583
   0.581678
   0.587768
   0.593853
   0.599933
   0.606008
   0.612078
   0.618143
   0.624203
   0.630258
   0.636308
   0.642352
   0.648391
   0.654425
   0.660453
   0.666476
   0.672493
   0.678504
    0.68451
    0.69051
   0.696504
   0.702492
   0.708475
   0.714451
   0.720421
   0.726386
   0.732344
   0.738295
   0.744241
    0.75018
   0.756113
   0.762039
   0.767959
   0.773872
   0.779779
   0.785678
   0.791572
   0.797458
   0.803337
    0.80921
   0.815075
   0.820934
   0.826785
   0.832629
   0.838466
   0.844296
   0.850118
   0.855933
   0.861741
   0.867541
   0.873333
   0.879118
   0.884896
   0.890665
   0.896427
   0.902181
   0.907926
   0.913664
   0.919394
   0.925116
    0.93083
   0.936536
   0.942233
   0.947922
   0.953603
   0.959275
   0.964939
   0.970594
   0.976241
   0.981879
   0.987508
   0.993129
   0.998741
    1.00434
    1.00994
    1.01552
     1.0211
    1.02667
    1.03222
    1.03777
    1.04331
    1.04884
    1.05436
    1.05987
    1.06538
    1.07087
    1.07635
    1.08183
    1.08729
    1.09274
    1.09819
    1.10362
    1.10905
    1.11446
    1.11987
    1.12526
    1.13064
    1.13602
    1.14138
    1.14674
    1.15208
    1.15741
    1.16274
    1.16805
    1.17335
    1.17864
    1.18392
    1.18919
    1.19445
     1.1997
    1.20494
    1.21016
    1.21538
    1.22058
    1.22578
    1.23096
    1.23613
    1.24129
    1.24644
    1.25158
     1.2567
    1.26182
    1.26692
    1.27201
    1.27709
    1.28216
    1.28722
    1.29226
     1.2973
    1.30232
    1.30733
    1.31233
    1.31732
    1.32229
    1.32725
     1.3322
    1.33714
    1.34207
    1.34698
    1.35188
    1.35677
    1.36165
    1.36651
    1.37136
     1.3762
    1.38103
    1.38584
    1.39064
    1.39543
    1.40021
    1.40497
    1.40972
    1.41446
    1.41918
    1.42389
    1.42859
    1.43328
    1.43795
    1.44261
    1.44725
    1.45189
    1.45651
    1.46111
     1.4657
    1.47028
    1.47485
     1.4794
    1.48394
    1.48846
    1.49297
    1.49747
    1.50196
    1.50642
    1.51088
    1.51532
    1.51975
    1.52416
    1.52856
    1.53295
    1.53732
    1.54168
    1.54602
    1.55035
    1.55467
    1.55897
    1.56325
    1.56753
    1.57178
    1.57603
    1.58025
    1.58447
    1.58867
    1.59285
    1.59702
    1.60118
    1.60532
    1.60944
    1.61355
    1.61765
    1.62173
    1.62579
    1.62985
    1.63388
     1.6379
    1.64191
     1.6459
    1.64987
    1.65383
    1.65778
     1.6617
    1.66562
    1.66952
     1.6734
    1.67727
    1.68112
    1.68495
    1.68877
    1.69258
    1.69637
    1.70014
     1.7039
    1.70764
    1.71137
    1.71508
    1.71877
    1.72245
    1.72611
    1.72976
    1.73339
      1.737
     1.7406
    1.74418
    1.74775
     1.7513
    1.75483
    1.75835
    1.76185
    1.76533
     1.7688
    1.77225
    1.77569
    1.77911
    1.78251
    1.78589
    1.78926
    1.79261
    1.79595
    1.79927
    1.80257
    1.80585
    1.80912
    1.81237
    1.81561
    1.81883
    1.82203
    1.82521
    1.82838
    1.83153
    1.83466
    1.83778
    1.84087
    1.84396
    1.84702
    1.85007
     1.8531
    1.85611
     1.8591
    1.86208
    1.86504
    1.86799
    1.87091
    1.87382
    1.87671
    1.87958
    1.88244
    1.88528
     1.8881
     1.8909
    1.89369
    1.89646
    1.89921
    1.90194
    1.90465
    1.90735
    1.91003
    1.91269
    1.91533
    1.91796
    1.92057
    1.92316
    1.92573
    1.92828
    1.93082
    1.93333
    1.93583
    1.93831
    1.94078
    1.94322
    1.94565
    1.94806
    1.95045
    1.95282
    1.95518
    1.95751
    1.95983
    1.96213
    1.96441
    1.96667
    1.96892
    1.97114
    1.97335
    1.97554
    1.97771
    1.97986
      1.982
    1.98411
    1.98621
    1.98828
    1.99034
    1.99238
    1.99441
    1.99641
    1.99839
    2.00036
    2.00231
    2.00424
    2.00615
    2.00804
    2.00991
    2.01176
     2.0136
    2.01541
    2.01721
    2.01899
    2.02074
    2.02248
    2.02421
    2.02591
    2.02759
    2.02926
     2.0309
    2.03253
    2.03413
    2.03572
    2.03729
    2.03884
    2.04037
    2.04188
    2.04338
    2.04485
     2.0463
    2.04774
    2.04916
    2.05055
    2.05193
    2.05329
    2.05463
    2.05595
    2.05725
    2.05853
    2.05979
    2.06103
    2.06226
    2.06346
    2.06465
    2.06581
    2.06696
    2.06808
    2.06919
    2.07028
    2.07135
     2.0724
    2.07342
    2.07444
    2.07543
     2.0764
    2.07735
    2.07828
    2.07919
    2.08009
    2.08096
    2.08182
    2.08265
    2.08347
    2.08426
    2.08504
    2.08579
    2.08653
    2.08725
    2.08795
    2.08862
    2.08928
    2.08992
    2.09054
    2.09114
    2.09172
    2.09228
    2.09282
    2.09335
    2.09385
    2.09433
    2.09479
    2.09523
    2.09566
    2.09606
    2.09645
    2.09681
    2.09715
    2.09748
    2.09778
    2.09807
    2.09834
    2.09858
    2.09881
    2.09902
     2.0992
    2.09937
    2.09952
    2.09965
    2.09975
    2.09984
    2.09991
    2.09996
    2.09999