    -1.99368
    -1.98104
    -1.96841
    -1.95579
    -1.94318
    -1.93058
    -1.91799
    -1.90542
    -1.89285
    -1.88029
    -1.86774
     -1.8552
    -1.84267
    -1.83015
    -1.81765
    -1.80515
    -1.79266
    -1.78018
    -1.76772
    -1.75526
    -1.74281
    -1.73038
    -1.71795
    -1.70553
    -1.69313
    -1.68073
    -1.66835
    -1.65597
    -1.64361
    -1.63126
    -1.61891
    -1.60658
    -1.59426
    -1.58194
    -1.56964
    -1.55735
    -1.54507
     -1.5328
    -1.52054
    -1.50829
    -1.49605
    -1.48382
     -1.4716
     -1.4594
     -1.4472
    -1.43501
    -1.42284
    -1.41067
    -1.39852
    -1.38637
    -1.37424
    -1.36212
    -1.35001
    -1.33791
    -1.32581
    -1.31373
    -1.30167
    -1.28961
    -1.27756
    -1.26552
     -1.2535
    -1.24148
    -1.22948
    -1.21748
     -1.2055
    -1.19353
    -1.18157
    -1.16962
    -1.15768
    -1.14575
    -1.13384
    -1.12193
    -1.11003
    -1.09815
    -1.08628
    -1.07442
    -1.06256
    -1.05073
     -1.0389
    -1.02708
    -1.01527
    -1.00348
   -0.991692
   -0.979919
   -0.968157
   -0.956407
   -0.944667
   -0.932939
   -0.921222
   -0.909516
   -0.897822
   -0.886139
   -0.874467
   -0.862807
   -0.851158
    -0.83952
   -0.827894
   -0.816279
   -0.804676
   -0.793084
   -0.781503
   -0.769934
   -0.758377
   -0.746831
   -0.735297
   -0.723774
   -0.712263
   -0.700763
   -0.689275
   -0.677799
   -0.666334
   -0.654881
    -0.64344
   -0.632011
   -0.620593
   -0.609187
   -0.597793
    -0.58641
    -0.57504
   -0.563681
   -0.552334
   -0.540999
   -0.529676
   -0.518365
   -0.507066
   -0.495779
   -0.484504
   -0.473241
    -0.46199
   -0.450751
   -0.439524
   -0.428309
   -0.417106
   -0.405915
   -0.394737
   -0.383571
   -0.372417
   -0.361275
   -0.350146
   -0.339029
   -0.327924
   -0.316831
   -0.305751
   -0.294683
   -0.283628
   -0.272585
   -0.261555
   -0.250537
   -0.239531
   -0.228538
   -0.217558
    -0.20659
   -0.195635
   -0.184692
   -0.173762
   -0.162845
    -0.15194
   -0.141049
    -0.13017
   -0.119303
    -0.10845
  -0.0976092
  -0.0867815
  -0.0759666
  -0.0651647
  -0.0543758
  -0.0435998
  -0.0328368
  -0.0220868
  -0.0113499
-0.000626119
   0.0100846
   0.0207821
   0.0314665
   0.0421376
   0.0527956
   0.0634402
   0.0740716
   0.0846896
   0.0952943
    0.105886
    0.116464
    0.127028
    0.137579
    0.148116
     0.15864
    0.169151
    0.179647
    0.190131
      0.2006
    0.211056
    0.221498
    0.231926
     0.24234
    0.252741
    0.263128
      0.2735
    0.283859
    0.294204
    0.304535
    0.314852
    0.325155
    0.335443
    0.345718
    0.355978
    0.366224
    0.376456
    0.386674
    0.396877
    0.407065
     0.41724
      0.4274
    0.437545
    0.447676
    0.457792
    0.467894
    0.477981
    0.488053
    0.498111
    0.508154
    0.518182
    0.528195
    0.538193
    0.548176
    0.558145
    0.568098
    0.578036
    0.587959
    0.597867
     0.60776
    0.617637
    0.627499
    0.637346
    0.647177
    0.656993
    0.666793
    0.676578
    0.686347
    0.696101
    0.705839
    0.715561
    0.725267
    0.734958
    0.744632
    0.754291
    0.763933
     0.77356
     0.78317
    0.792764
    0.802342
    0.811904
    0.821449
    0.830978
    0.840491
    0.849987
    0.859466
    0.868929
    0.878375
    0.887804
    0.897217
    0.906612
    0.915991
    0.925352
    0.934697
    0.944024
    0.953334
    0.962627
    0.971903
    0.981161
    0.990401
    0.999624
     1.00883
     1.01802
     1.02719
     1.03634
     1.04547
     1.05459
     1.06369
     1.07277
     1.08183
     1.09087
      1.0999
      1.1089
     1.11789
     1.12686
     1.13581
     1.14474
     1.15366
     1.16255
     1.17143
     1.18028
     1.18912
     1.19793
     1.20673
     1.21551
     1.22427
     1.23301
     1.24172
     1.25042
      1.2591
     1.26776
      1.2764
     1.28501
     1.29361
     1.30219
     1.31074
     1.31928
     1.32779
     1.33628
     1.34475
      1.3532
     1.36163
     1.37004
     1.37842
     1.38679
     1.39513
     1.40345
     1.41174
     1.42002
     1.42827
      1.4365
      1.4447
     1.45289
     1.46104
     1.46918
     1.47729
     1.48538
     1.49344
     1.50148
      1.5095
     1.51749
     1.52546
      1.5334
     1.54132
     1.54921
     1.55707
     1.56491
     1.57273
     1.58051
     1.58827
     1.59601
     1.60372
      1.6114
     1.61905
     1.62667
     1.63427
     1.64184
     1.64938
     1.65689
     1.66437
     1.67182
     1.67925
     1.68664
       1.694
     1.70133
     1.70863
     1.71589
     1.72313
     1.73033
      1.7375
     1.74464
     1.75174
     1.75881
     1.76584
     1.77283
     1.77979
     1.78672
      1.7936
     1.80045
     1.80726
     1.81403
     1.82076
     1.82745
      1.8341
      1.8407
     1.84726
     1.85378
     1.86025
     1.86667
     1.87305
     1.87937
     1.88565
     1.89187
     1.89804
     1.90415
     1.91021
      1.9162
     1.92213
       1.928
      1.9338
     1.93952
     1.94517
     1.95074
     1.95623
     1.96162
     1.96691
      1.9721
     1.97715
     1.98209
     1.98677
     1.99153
     1.99521
     2.00052
     2.00205
     2.00955
      2.0098
     2.01906
     2.01909
     2.02914
     2.02914
      2.0397
      2.0397
     2.05067
     2.05067
     2.06199
     2.06199
     2.07362
     2.07362
     2.08554
     2.08554
     2.09772
     2.09772
     2.11015
     2.11015
      2.1228
      2.1228
     2.13568
     2.13568
     2.14876
     2.14876
     2.16205
     2.16205
     2.17552
     2.17552
     2.18918
     2.18918
     2.20302
     2.20302
     2.21703
     2.21703
     2.23121
     2.23121
     2.24556
     2.24556
     2.26006
     2.26006
     2.27472
     2.27472
     2.28953
     2.28953
     2.30449
     2.30449
     2.31959
     2.31959
     2.33484
     2.33484
     2.35023
     2.35023
     2.36576
     2.36576
     2.38143
     2.38143
     2.39723
     2.39723
     2.41316
     2.41316
     2.42922
     2.42922
     2.44541
     2.44541
     2.46173
     2.46173
     2.47818
     2.47818
     2.49474
     2.49474
     2.51144
     2.51144
     2.52825
     2.52825
     2.54518
     2.54518
     2.56223
     2.56223
      2.5794
      2.5794
     2.59669
     2.59669
     2.61409
     2.61409
     2.63161
     2.63161
     2.64924
     2.64924
     2.66699
     2.66699
     2.68484
     2.68484
     2.70281
     2.70281
     2.72089
     2.72089
     2.73907
     2.73907
     2.75737
     2.75737
     2.77578
     2.77578
     2.79429
     2.79429
     2.81291
     2.81291
     2.83164
     2.83164
     2.85047
     2.85047
      2.8694
      2.8694
     2.88844
     2.88844
     2.90759
     2.90759
     2.92684
     2.92684
     2.94619
     2.94619
     2.96564
     2.96564
      2.9852
      2.9852
     3.00486
     3.00486
     3.02462
     3.02462
     3.04447
     3.04447
     3.06443
     3.06443
     3.08449
     3.08449
     3.10465
     3.10465
     3.12491
     3.12491
     3.14526
     3.14526
     3.16572
     3.16572
     3.18627
     3.18627
     3.20692
     3.20692
     3.22767
     3.22767
     3.24851
     3.24851
     3.26945
     3.26945
     3.29049
     3.29049
     3.31162
     3.31162
     3.33285
     3.33285
     3.35417
     3.35417
     3.37559
     3.37559
      3.3971
      3.3971
     3.41871
     3.41871
     3.44041
     3.44041
     3.46221
     3.46221
      3.4841
      3.4841
     3.50608
     3.50608
     3.52816
     3.52816
     3.55033
     3.55033
     3.57259
     3.57259
     3.59494
     3.59494
     3.61739
     3.61739
     3.63993
     3.63993
     3.66256
     3.66256
     3.68529
     3.68529
      3.7081
      3.7081
     3.73101
     3.73101
     3.75401
     3.75401
      3.7771
      3.7771
     3.80028
     3.80028
     3.82355
     3.82355
     3.84691
     3.84691
     3.87036
     3.87036
      3.8939
      3.8939
     3.91753
     3.91753
     3.94126
     3.94126
     3.96507
     3.96507
     3.98897
     3.98897
     4.01296
     4.01296
     4.03704
     4.03704
     4.06121
     4.06121
     4.08547
     4.08547
     4.10982
     4.10982
     4.13425
     4.13425
     4.15878
     4.15878
     4.18339
     4.18339
     4.20809
     4.20809
     4.23288
     4.23288
     4.25776
     4.25776
     4.28273
     4.28273
     4.30778
     4.30778
     4.33292
     4.33292
     4.35815
     4.35815
     4.38347
     4.38347
     4.40888
     4.40888
     4.43437
     4.43437
     4.45995
     4.45995
     4.48562
     4.48562
     4.51137
     4.51137
     4.53721
     4.53721
     4.56314
     4.56314
     4.58915
     4.58915
     4.61526
     4.61526
     4.64144
     4.64144
     4.66772
     4.66772
     4.69408
     4.69408
     4.72053
     4.72053
     4.74706
     4.74706
     4.77368
     4.77368
     4.80039
     4.80039
     4.82718
     4.82718
     4.85406
     4.85406
     4.88102
     4.88102
     4.90807
     4.90807
     4.93521
     4.93521
     4.96243
     4.96243
     4.98974
     4.98974
     5.01713
     5.01713
     5.04461
     5.04461
     5.07217
     5.07217
     5.09982
     5.09982
     5.12755
     5.12755
     5.15537
     5.15537
     5.18328
     5.18328
     5.21127
     5.21127
     5.23934
     5.23934
      5.2675
      5.2675
     5.29574
     5.29574
     5.32407
     5.32407
     5.35249
     5.35249
     5.38099
     5.38099
     5.40957
     5.40957
     5.43824
     5.43824
     5.46699
     5.46699
     5.49583
     5.49583
     5.52475
     5.52475
     5.55375
     5.55375
     5.58284
     5.58284
     5.61202
     5.61202
     5.64128
     5.64128
     5.67062
     5.67062
     5.70005
     5.70005
     5.72956
     5.72956
     5.75915
     5.75915
     5.78883
     5.78883
      5.8186
      5.8186
     5.84844
     5.84844
     5.87837
     5.87837
     5.90839
     5.90839
     5.93849
     5.93849
     5.96867
     5.96867
     5.99894
     5.99894
     6.02929
     6.02929
     6.05972
     6.05972
     6.09024
     6.09024
     6.12084
     6.12084
     6.15152
     6.15152
     6.18229
     6.18229
     6.21314
     6.21314
     6.24407
     6.24407
     6.27509
     6.27509
     6.30619
     6.30619
     6.33738
     6.33738
     6.36864
     6.36864
     6.39999
     6.39999
     6.43143
     6.43143
     6.46295
     6.46295
     6.49455
     6.49455
     6.52623
     6.52623
     6.55799
     6.55799
     6.58984
     6.58984
     6.62178
     6.62178
     6.65379
     6.65379
     6.68589
     6.68589
     6.71807
     6.71807
     6.75033
     6.75033
     6.78268
     6.78268
     6.81511
     6.81511
     6.84762
     6.84762
     6.88022
     6.88022
      6.9129
      6.9129
     6.94566
     6.94566
      6.9785
      6.9785
     7.01142
     7.01142
     7.04443
     7.04443
     7.07752
     7.07752
      7.1107
      7.1107
     7.14395
     7.14395
     7.17729
     7.17729
     7.21071
     7.21071
     7.24422
     7.24422
      7.2778
      7.2778
     7.31147
     7.31147
     7.34522
     7.34522
     7.37905
     7.37905
     7.41297
     7.41297
     7.44697
     7.44697
     7.48105
     7.48105
     7.51521
     7.51521
     7.54945
     7.54945
     7.58378
     7.58378
     7.61819
     7.61819
     7.65268
     7.65268
     7.68726
     7.68726
     7.72193
     7.72193
     7.75671
     7.75671
      7.7916
      7.7916
     7.82666
     7.82666
     7.86195
     7.86195
     7.89756
     7.89756
     7.93358
     7.93358
     7.97012
     7.97012
     8.00726
     8.00726
     8.04505
     8.04505
     8.08354
     8.08354
     8.12272
     8.12272
     8.16262
     8.16262
     8.20322
     8.20322
     8.24452
     8.24452
     8.28652
     8.28652
     8.32922
     8.32922
     8.37261
     8.37261
      8.4167
      8.4167
      8.4615
      8.4615
       8.507
       8.507
     8.55322
     8.55322
     8.60017
     8.60017
     8.64786
     8.64786
     8.69629
     8.69629
      8.7455
      8.7455
     8.79549
     8.79549
     8.84628
     8.84628
      8.8979
      8.8979
     8.95036
     8.95036
     9.00369
     9.00369
     9.05791
     9.05791
     9.11307
     9.11307
     9.16918
     9.16918
     9.22629
     9.22629
     9.28443
     9.28443
     9.34364
     9.34364
     9.40397
     9.40397
     9.46546
     9.46546
     9.52818
     9.52818
     9.59218
     9.59218
     9.65753
     9.65753
     9.72431
     9.72431
     9.79259
     9.79259
     9.86247
     9.86247
     9.93405
     9.93405
     10.0074
     10.0074
     10.0828
     10.0828
     10.1603
     10.1603
       10.24
       10.24
     10.3223
     10.3223
     10.4072
     10.4072
     10.4953
     10.4953
     10.5867
     10.5867
      10.682
      10.682
     10.7817
     10.7817
     10.8866
     10.8866
     10.9976
     10.9976
     11.1163
     11.1163
     11.2447
     11.2447
     11.3864
     11.3864
     11.5484
     11.5484
     11.7486
     11.7486