  -101.896
  -101.885
  -101.866
   -101.84
  -101.806
  -101.765
  -101.717
  -101.662
  -101.601
  -101.533
  -101.458
  -101.378
  -101.293
  -101.202
  -101.106
  -101.005
  -100.901
  -100.792
   -100.68
  -100.565
  -100.448
  -100.329
  -100.208
  -100.085
  -99.9624
  -99.8392
  -99.7162
   -99.594
  -99.4729
  -99.3534
   -99.236
  -99.1211
  -99.0092
  -98.9006
  -98.7958
  -98.6952
  -98.5992
  -98.5081
  -98.4223
  -98.3421
  -98.2679
  -98.1998
  -98.1382
  -98.0832
  -98.0352
  -97.9942
  -97.9605
  -97.9341
  -97.9152
  -97.9038
   -1.8962
  -1.88483
  -1.86592
  -1.83955
  -1.80581
  -1.76484
  -1.71679
  -1.66185
  -1.60021
  -1.53213
  -1.45785
  -1.37766
  -1.29186
  -1.20078
  -1.10477
  -1.00418
 -0.899409
 -0.790845
 -0.678904
 -0.564009
 -0.446598
 -0.327116
 -0.206016
-0.0837583
 0.0391938
  0.162373
  0.285314
  0.407548
  0.528613
   0.64805
  0.765405
  0.880234
  0.992102
   1.10059
   1.20527
   1.30577
   1.40169
   1.49267
   1.57837
   1.65847
   1.73265
   1.80065
    1.8622
   1.91707
   1.96505
   2.00596
   2.03964
   2.06597
   2.08485
   2.09621