   -1.89996
   -1.89984
   -1.89965
   -1.89937
   -1.89902
   -1.89859
   -1.89808
    -1.8975
   -1.89683
   -1.89609
   -1.89527
   -1.89437
   -1.89339
   -1.89234
    -1.8912
   -1.88999
    -1.8887
   -1.88734
   -1.88589
   -1.88437
   -1.88277
   -1.88109
   -1.87934
   -1.87751
    -1.8756
   -1.87361
   -1.87154
    -1.8694
   -1.86718
   -1.86489
   -1.86252
   -1.86007
   -1.85754
   -1.85494
   -1.85226
   -1.84951
   -1.84667
   -1.84377
   -1.84078
   -1.83772
   -1.83459
   -1.83138
   -1.82809
   -1.82473
   -1.82129
   -1.81778
   -1.81419
   -1.81053
   -1.80679
   -1.80298
    -1.7991
   -1.79514
    -1.7911
   -1.78699
   -1.78281
   -1.77855
   -1.77423
   -1.76982
   -1.76535
    -1.7608
   -1.75618
   -1.75148
   -1.74672
   -1.74188
   -1.73697
   -1.73199
   -1.72693
   -1.72181
   -1.71661
   -1.71134
     -1.706
   -1.70059
   -1.69511
   -1.68957
   -1.68395
   -1.67826
    -1.6725
   -1.66667
   -1.66077
   -1.65481
   -1.64877
   -1.64267
    -1.6365
   -1.63026
   -1.62395
   -1.61758
   -1.61114
   -1.60463
   -1.59806
   -1.59142
   -1.58471
   -1.57794
    -1.5711
    -1.5642
   -1.55723
    -1.5502
    -1.5431
   -1.53594
   -1.52871
   -1.52143
   -1.51407
   -1.50666
   -1.49918
   -1.49164
   -1.48404
   -1.47638
   -1.46865
   -1.46086
   -1.45302
   -1.44511
   -1.43714
   -1.42911
   -1.42103
   -1.41288
   -1.40468
   -1.39641
   -1.38809
   -1.37971
   -1.37127
   -1.36278
   -1.35423
   -1.34562
   -1.33695
   -1.32823
   -1.31946
   -1.31063
   -1.30174
    -1.2928
   -1.28381
   -1.27476
   -1.26566
   -1.25651
    -1.2473
   -1.23805
   -1.22874
   -1.21938
   -1.20996
    -1.2005
   -1.19099
   -1.18143
   -1.17182
   -1.16216
   -1.15245
    -1.1427
   -1.13289
   -1.12304
   -1.11315
   -1.10321
   -1.09322
   -1.08319
   -1.07311
   -1.06299
   -1.05283
   -1.04262
   -1.03238
   -1.02209
   -1.01176
   -1.00139
   -0.99099
  -0.980549
  -0.970072
  -0.959563
  -0.949025
  -0.938461
  -0.927879
  -0.917295
  -0.906754
   -0.89996
  -0.899844
  -0.899643
  -0.899378
   -0.89901
  -0.898608
  -0.898063
  -0.897569
  -0.896802
  -0.896567
  -0.895762
   -0.89523
  -0.894196
  -0.893353
  -0.892189
   -0.89118
  -0.889851
  -0.888751
    -0.8872
  -0.886375
  -0.884885
  -0.884248
  -0.882367
  -0.881019
  -0.879044
  -0.877617
  -0.875356
  -0.874888
  -0.872722
  -0.871382
  -0.868925
  -0.867258
  -0.864539
  -0.863979
   -0.86141
  -0.859865
  -0.856949
  -0.855228
    -0.8522
  -0.851862
  -0.848523
  -0.846588
  -0.843167
  -0.842247
   -0.83916
  -0.837428
   -0.83377
  -0.832171
   -0.82896
  -0.827636
  -0.823687
  -0.821788
  -0.818212
  -0.817197
  -0.812953
  -0.810938
  -0.807085
  -0.806122
  -0.801606
  -0.799593
  -0.795609
  -0.794428
  -0.789666
  -0.787812
  -0.783747
  -0.782144
  -0.777134
  -0.775719
  -0.771387
  -0.769322
   -0.76401
  -0.763442
  -0.758384
  -0.756084
  -0.750954
  -0.750318
  -0.744663
  -0.742702
  -0.737961
  -0.736137
  -0.730261
  -0.729499
  -0.724029
  -0.721705
  -0.716284
  -0.715289
  -0.709095
  -0.707558
   -0.70225
  -0.700004
  -0.693864
  -0.693431
  -0.686883
  -0.685052
  -0.679573
   -0.67742
  -0.670869
  -0.670574
  -0.663711
  -0.661887
  -0.656143
  -0.653945
  -0.647325
  -0.646761
  -0.639627
  -0.638093
  -0.631965
  -0.629657
  -0.623217
  -0.622047
  -0.614643
   -0.61378
  -0.606947
  -0.604731
  -0.598437
  -0.596533
   -0.58902
  -0.588777
  -0.580987
  -0.579438
  -0.572745
  -0.570449
  -0.563672
  -0.562133
  -0.554082
  -0.553938
  -0.545923
  -0.544211
  -0.537306
  -0.535032
  -0.527953
  -0.526417
  -0.518034
  -0.518034
  -0.509574
  -0.508068
  -0.500754
  -0.498512
  -0.491328
  -0.489469
   -0.48133
  -0.480715
  -0.471984
  -0.471116
  -0.463047
  -0.461087
  -0.453682
   -0.45148
  -0.443774
  -0.442247
  -0.433462
  -0.433184
   -0.42409
  -0.423046
  -0.414785
  -0.412812
  -0.405106
  -0.402922
  -0.394972
  -0.393342
  -0.384481
  -0.383921
  -0.374503
  -0.373848
  -0.364947
  -0.363291
  -0.355123
   -0.35297
  -0.344939
  -0.342926
  -0.334401
  -0.333083
  -0.323623
  -0.323324
  -0.313536
  -0.312766
  -0.303616
   -0.30198
  -0.293472
  -0.291371
   -0.28304
  -0.280975
  -0.272317
   -0.27075
  -0.261369
  -0.260616
  -0.250491
  -0.250302
  -0.240297
  -0.239222
  -0.229969
  -0.228222
  -0.219446
  -0.217359
  -0.208694
   -0.20665
  -0.197717
  -0.196066
  -0.186557
  -0.185557
   -0.17528
  -0.175065
  -0.164539
  -0.163957
  -0.153931
   -0.15265
  -0.143201
  -0.141408
  -0.132317
  -0.130263
   -0.12126
  -0.119221
  -0.110036
  -0.108266
 -0.0986669
 -0.0973683
 -0.0871908
 -0.0864947
 -0.0756488
 -0.0756116
 -0.0646891
 -0.0640797
  -0.053701
 -0.0525177
 -0.0426244
 -0.0409897
 -0.0314416
 -0.0295139
 -0.0201417
 -0.0180984
-0.00872257
-0.00674058
 0.00280856
  0.0045704
  0.0144367
  0.0158505
  0.0261424
  0.0271175
  0.0379049
  0.0383887
  0.0496799
   0.049704
  0.0610051
   0.061522
  0.0723762
  0.0733435
  0.0838031
  0.0851563
  0.0952937
  0.0969513
   0.106853
   0.108723
   0.118484
   0.120468
   0.130186
   0.132189
   0.141955
   0.143889
   0.153787
   0.155573
   0.165674
   0.167248
   0.177607
    0.17892
   0.189579
   0.190597
   0.201583
   0.202282
    0.21361
   0.213983
   0.225655
   0.225704
   0.237447
   0.237713
   0.249216
   0.249779
   0.261013
    0.26185
   0.272839
   0.273922
   0.284695
   0.285995
   0.296582
   0.298067
   0.308499
   0.310137
   0.320445
   0.322205
    0.33242
   0.334271
   0.344421
   0.346336
   0.356447
     0.3584
   0.368496
   0.370464
   0.380566
    0.38253
   0.392655
   0.394598
    0.40476
   0.406669
   0.416881
   0.418744
   0.429013
   0.430824
   0.441157
    0.44291
    0.45331
   0.455002
    0.46547
     0.4671
   0.477637
   0.479204
   0.489808
   0.491316
   0.501983
   0.503435
    0.51416
    0.51556
   0.526339
   0.527692
   0.538518
   0.539831
   0.550697
   0.551975
   0.562874
   0.564126
   0.575049
   0.576282
   0.587222
   0.588443
   0.599391
   0.600609
   0.611557
   0.612778
   0.623718
   0.624951
   0.635874
   0.637126
   0.648025
   0.649303
   0.660169
   0.661482
   0.672308
   0.673661
    0.68444
    0.68584
   0.696565
   0.698017
   0.708684
   0.710192
   0.720796
   0.722363
     0.7329
    0.73453
   0.744998
    0.74669
    0.75709
   0.758843
   0.769176
   0.770987
   0.781256
   0.783119
   0.793331
    0.79524
   0.805402
   0.807345
    0.81747
   0.819434
   0.829536
   0.831504
     0.8416
   0.843553
   0.853664
   0.855579
   0.865729
    0.86758
   0.877795
   0.879555
   0.889863
   0.891501
   0.901933
   0.903418
   0.914005
   0.915305
   0.926078
   0.927161
    0.93815
   0.938987
   0.950221
   0.950784
   0.962287
   0.962553
   0.974296
   0.974345
   0.986017
    0.98639
   0.997718
   0.998417
     1.0094
    1.01042
    1.02108
    1.02239
    1.03275
    1.03433
    1.04443
    1.04621
    1.05611
    1.05804
    1.06781
    1.06981
    1.07953
    1.08152
    1.09128
    1.09315
    1.10305
    1.10471
    1.11484
     1.1162
    1.12666
    1.12762
    1.13848
    1.13899
     1.1503
    1.15032
    1.16161
     1.1621
    1.17288
    1.17386
    1.18415
    1.18556
    1.19543
    1.19719
    1.20674
    1.20872
     1.2181
    1.22014
    1.22951
    1.23144
    1.24099
    1.24262
    1.25252
     1.2537
    1.26408
    1.26469
    1.27561
    1.27565
    1.28649
    1.28719
    1.29737
    1.29867
    1.30827
    1.31004
    1.31922
    1.32126
    1.33026
    1.33232
    1.34141
     1.3432
    1.35265
    1.35393
    1.36396
    1.36454
    1.37506
    1.37528
    1.38556
    1.38656
    1.39607
    1.39772
    1.40665
    1.40869
    1.41736
    1.41945
    1.42822
    1.42997
    1.43922
     1.4403
     1.4503
    1.45049
    1.46062
    1.46137
    1.47075
    1.47232
    1.48097
    1.48304
    1.49137
    1.49347
    1.50198
    1.50362
    1.51277
    1.51354
    1.52332
    1.52362
    1.53308
     1.5344
    1.54293
    1.54494
    1.55297
    1.55512
    1.56329
    1.56495
    1.57385
     1.5745
    1.58392
    1.58448
    1.59334
    1.59497
    1.60292
    1.60511
    1.61281
    1.61479
    1.62305
    1.62409
    1.63318
    1.63346
    1.64225
    1.64377
    1.65148
    1.65368
    1.66109
    1.66305
    1.67112
    1.67198
    1.68071
    1.68133
    1.68947
    1.69133
    1.69851
    1.70075
    1.70807
    1.70957
    1.71803
    1.71803
    1.72642
    1.72795
    1.73503
    1.73731
    1.74421
    1.74592
    1.75394
    1.75408
    1.76213
    1.76367
    1.77045
    1.77274
    1.77944
    1.78099
    1.78878
    1.78902
    1.79653
    1.79844
    1.80473
    1.80695
    1.81378
    1.81464
    1.82205
    1.82322
    1.82966
    1.83197
    1.83809
    1.83963
    1.84676
    1.84733
    1.85394
    1.85614
    1.86189
    1.86371
    1.87057
    1.87087
    1.87742
    1.87957
    1.88505
    1.88688
    1.89343
    1.89386
        1.9
    1.90225
    1.90756
     1.9091
    1.91529
    1.91628
     1.9217
    1.92403
     1.9295
    1.93026
    1.93614
    1.93796
     1.9427
    1.94466
    1.95032
    1.95095
    1.95608
    1.95838
    1.96344
    1.96401
    1.96932
    1.97139
    1.97572
    1.97713
    1.98214
    1.98375
    1.98781
    1.98967
    1.99443
    1.99561
    1.99959
    2.00161
    2.00612
    2.00708
    2.01094
    2.01295
     2.0172
    2.01821
    2.02179
    2.02369
    2.02764
    2.02896
    2.03217
    2.03377
    2.03743
    2.03916
    2.04225
    2.04317
    2.04659
    2.04852
    2.05186
     2.0522
    2.05523
    2.05695
    2.05986
    2.06141
    2.06398
    2.06454
    2.06726
    2.06892
    2.07138
    2.07272
    2.07489
    2.07536
    2.07762
    2.07904
    2.08102
    2.08237
    2.08425
    2.08488
    2.08637
     2.0872
    2.08875
    2.08985
    2.09118
    2.09219
    2.09335
     2.0942
    2.09523
    2.09576
    2.09657
     2.0968
    2.09757
    2.09806
    2.09861
    2.09901
    2.09938
    2.09964
    2.09984
    2.09996
    2.10675
    2.11729
    2.12788
    2.13846
    2.14902
    2.15956
    2.17007
    2.18055
    2.19099
    2.20139
    2.21176
    2.22209
    2.23238
    2.24262
    2.25283
    2.26299
    2.27311
    2.28319
    2.29322
    2.30321
    2.31315
    2.32304
    2.33289
     2.3427
    2.35245
    2.36216
    2.37182
    2.38143
    2.39099
     2.4005
    2.40996
    2.41938
    2.42874
    2.43805
     2.4473
    2.45651
    2.46566
    2.47476
    2.48381
     2.4928
    2.50174
    2.51063
    2.51946
    2.52823
    2.53695
    2.54562
    2.55423
    2.56278
    2.57127
    2.57971
    2.58809
    2.59641
    2.60468
    2.61288
    2.62103
    2.62911
    2.63714
    2.64511
    2.65302
    2.66086
    2.66865
    2.67638
    2.68404
    2.69164
    2.69918
    2.70666
    2.71407
    2.72143
    2.72871
    2.73594
     2.7431
     2.7502
    2.75723
     2.7642
     2.7711
    2.77794
    2.78471
    2.79142
    2.79806
    2.80463
    2.81114
    2.81758
    2.82395
    2.83026
     2.8365
    2.84267
    2.84877
    2.85481
    2.86077
    2.86667
     2.8725
    2.87826
    2.88395
    2.88957
    2.89511
    2.90059
      2.906
    2.91134
    2.91661
    2.92181
    2.92693
    2.93199
    2.93697
    2.94188
    2.94672
    2.95148
    2.95618
     2.9608
    2.96535
    2.96982
    2.97423
    2.97855
    2.98281
    2.98699
     2.9911
    2.99514
     2.9991
    3.00298
    3.00679
    3.01053
    3.01419
    3.01778
    3.02129
    3.02473
    3.02809
    3.03138
    3.03459
    3.03772
    3.04078
    3.04377
    3.04667
    3.04951
    3.05226
    3.05494
    3.05754
    3.06007
    3.06252
    3.06489
    3.06718
     3.0694
    3.07154
    3.07361
     3.0756
    3.07751
    3.07934
    3.08109
    3.08277
    3.08437
    3.08589
    3.08734
     3.0887
    3.08999
     3.0912
    3.09234
    3.09339
    3.09437
    3.09527
    3.09609
    3.09683
     3.0975
    3.09808
    3.09859
    3.09902
    3.09937
    3.09965
    3.09984
    3.09996