     -1.9
 -1.89605
 -1.89605
 -1.88423
 -1.88423
 -1.86457
 -1.86457
 -1.83717
 -1.83717
 -1.80211
 -1.80211
 -1.75955
 -1.75955
 -1.70965
 -1.70965
 -1.65261
 -1.65261
 -1.58866
 -1.58866
 -1.51803
 -1.51803
 -1.44103
 -1.44103
 -1.35794
 -1.35794
 -1.26909
 -1.26909
 -1.17485
 -1.17485
 -1.07557
 -1.07557
-0.971654
-0.971654
-0.863507
-0.863507
-0.751559
-0.751559
-0.636249
-0.636249
-0.518034
-0.518034
 -0.39738
 -0.39738
-0.274763
-0.274763
-0.150666
-0.150666
-0.025581
-0.025581
      0.1
      0.1
 0.225581
 0.225581
 0.350666
 0.350666
 0.474763
 0.474763
  0.59738
  0.59738
 0.718034
 0.718034
 0.836249
 0.836249
 0.951559
 0.951559
  1.06351
  1.06351
  1.17165
  1.17165
  1.27557
  1.27557
  1.37485
  1.37485
  1.46909
  1.46909
  1.55794
  1.55794
  1.64103
  1.64103
  1.71803
  1.71803
  1.78866
  1.78866
  1.85261
  1.85261
  1.90965
  1.90965
  1.95955
  1.95955
  2.00211
  2.00211
  2.03717
  2.03717
  2.06457
  2.06457
  2.08423
  2.08423
  2.09605
  2.09605
      2.1