   -1.99999
   -1.99996
   -1.99991
   -1.99984
   -1.99975
   -1.99965
   -1.99952
   -1.99937
    -1.9992
   -1.99902
   -1.99881
   -1.99858
   -1.99834
   -1.99807
   -1.99778
   -1.99748
   -1.99715
   -1.99681
   -1.99645
   -1.99606
   -1.99566
   -1.99523
   -1.99479
   -1.99433
   -1.99385
   -1.99335
   -1.99282
   -1.99228
   -1.99172
   -1.99114
   -1.99054
   -1.98992
   -1.98928
   -1.98862
   -1.98795
   -1.98725
   -1.98653
   -1.98579
   -1.98504
   -1.98426
   -1.98347
   -1.98265
   -1.98182
   -1.98096
   -1.98009
   -1.97919
   -1.97828
   -1.97735
    -1.9764
   -1.97543
   -1.97444
   -1.97342
    -1.9724
   -1.97135
   -1.97028
   -1.96919
   -1.96808
   -1.96696
   -1.96581
   -1.96465
   -1.96346
   -1.96226
   -1.96103
   -1.95979
   -1.95853
   -1.95725
   -1.95595
   -1.95463
   -1.95329
   -1.95193
   -1.95055
   -1.94916
   -1.94774
    -1.9463
   -1.94485
   -1.94338
   -1.94188
   -1.94037
   -1.93884
   -1.93729
   -1.93572
   -1.93413
   -1.93253
    -1.9309
   -1.92926
   -1.92759
   -1.92591
   -1.92421
   -1.92248
   -1.92074
   -1.91899
   -1.91721
   -1.91541
    -1.9136
   -1.91176
   -1.90991
   -1.90804
   -1.90615
   -1.90424
   -1.90231
   -1.90036
   -1.89839
   -1.89641
   -1.89441
   -1.89238
   -1.89034
   -1.88828
   -1.88621
   -1.88411
     -1.882
   -1.87986
   -1.87771
   -1.87554
   -1.87335
   -1.87114
   -1.86892
   -1.86667
   -1.86441
   -1.86213
   -1.85983
   -1.85751
   -1.85518
   -1.85282
   -1.85045
   -1.84806
   -1.84565
   -1.84322
   -1.84078
   -1.83831
   -1.83583
   -1.83333
   -1.83082
   -1.82828
   -1.82573
   -1.82316
   -1.82057
   -1.81796
   -1.81533
   -1.81269
   -1.81003
   -1.80735
   -1.80465
   -1.80194
   -1.79921
   -1.79646
   -1.79369
    -1.7909
    -1.7881
   -1.78528
   -1.78244
   -1.77958
   -1.77671
   -1.77382
   -1.77091
   -1.76799
   -1.76504
   -1.76208
    -1.7591
   -1.75611
    -1.7531
   -1.75007
   -1.74702
   -1.74396
   -1.74087
   -1.73778
   -1.73466
   -1.73153
   -1.72838
   -1.72521
   -1.72203
   -1.71883
   -1.71561
   -1.71237
   -1.70912
   -1.70585
   -1.70257
   -1.69927
   -1.69595
   -1.69261
   -1.68926
   -1.68589
   -1.68251
   -1.67911
   -1.67569
   -1.67225
    -1.6688
   -1.66533
   -1.66185
   -1.65835
   -1.65483
    -1.6513
   -1.64775
   -1.64418
    -1.6406
     -1.637
   -1.63339
   -1.62976
   -1.62611
   -1.62245
   -1.61877
   -1.61508
   -1.61137
   -1.60764
    -1.6039
   -1.60014
   -1.59637
   -1.59258
   -1.58877
   -1.58495
   -1.58112
   -1.57727
    -1.5734
   -1.56952
   -1.56562
    -1.5617
   -1.55778
   -1.55383
   -1.54987
    -1.5459
   -1.54191
    -1.5379
   -1.53388
   -1.52985
   -1.52579
   -1.52173
   -1.51765
   -1.51355
   -1.50944
   -1.50532
   -1.50118
   -1.49702
   -1.49285
   -1.48867
   -1.48447
   -1.48025
   -1.47603
   -1.47178
   -1.46753
   -1.46325
   -1.45897
   -1.45467
   -1.45035
   -1.44602
   -1.44168
   -1.43732
   -1.43295
   -1.42856
   -1.42416
   -1.41975
   -1.41532
   -1.41088
   -1.40642
   -1.40196
   -1.39747
   -1.39297
   -1.38846
   -1.38394
    -1.3794
   -1.37485
   -1.37028
    -1.3657
   -1.36111
   -1.35651
   -1.35189
   -1.34725
   -1.34261
   -1.33795
   -1.33328
   -1.32859
   -1.32389
   -1.31918
   -1.31446
   -1.30972
   -1.30497
   -1.30021
   -1.29543
   -1.29064
   -1.28584
   -1.28103
    -1.2762
   -1.27136
   -1.26651
   -1.26165
   -1.25677
   -1.25188
   -1.24698
   -1.24207
   -1.23714
    -1.2322
   -1.22725
   -1.22229
   -1.21732
   -1.21233
   -1.20733
   -1.20232
    -1.1973
   -1.19226
   -1.18722
   -1.18216
   -1.17709
   -1.17201
   -1.16692
   -1.16182
    -1.1567
   -1.15158
   -1.14644
   -1.14129
   -1.13613
   -1.13096
   -1.12578
   -1.12058
   -1.11538
   -1.11016
   -1.10494
    -1.0997
   -1.09445
   -1.08919
   -1.08392
   -1.07864
   -1.07335
   -1.06805
   -1.06274
   -1.05741
   -1.05208
   -1.04674
   -1.04138
   -1.03602
   -1.03064
   -1.02526
   -1.01987
   -1.01446
   -1.00905
   -1.00362
  -0.998187
  -0.992743
  -0.987289
  -0.981826
  -0.976352
  -0.970869
  -0.965377
  -0.959875
  -0.954363
  -0.948843
  -0.943312
  -0.937773
  -0.932224
  -0.926666
  -0.921099
  -0.915523
  -0.909938
  -0.904344
  -0.898741
  -0.893129
  -0.887508
  -0.881879
  -0.876241
  -0.870594
  -0.864939
  -0.859275
  -0.853603
  -0.847922
  -0.842233
  -0.836536
   -0.83083
  -0.825116
  -0.819394
  -0.813664
  -0.807926
  -0.802181
  -0.796427
  -0.790665
  -0.784896
  -0.779118
  -0.773333
  -0.767541
  -0.761741
  -0.755933
  -0.750118
  -0.744296
  -0.738466
  -0.732629
  -0.726785
  -0.720934
  -0.715075
   -0.70921
  -0.703337
  -0.697458
  -0.691572
  -0.685678
  -0.679779
  -0.673872
  -0.667959
  -0.662039
  -0.656113
   -0.65018
  -0.644241
  -0.638295
  -0.632344
  -0.626386
  -0.620421
  -0.614451
  -0.608475
  -0.602492
  -0.596504
   -0.59051
   -0.58451
  -0.578504
  -0.572493
  -0.566476
  -0.560453
  -0.554425
  -0.548391
  -0.542352
  -0.536308
  -0.530258
  -0.524203
  -0.518143
  -0.512078
  -0.506008
  -0.499933
  -0.493853
  -0.487768
  -0.481678
  -0.475583
  -0.469484
   -0.46338
  -0.457272
  -0.451159
  -0.445042
   -0.43892
  -0.432794
  -0.426664
  -0.420529
  -0.414391
  -0.408248
  -0.402101
   -0.39595
  -0.389796
  -0.383637
  -0.377475
  -0.371309
   -0.36514
  -0.358966
   -0.35279
  -0.346609
  -0.340426
  -0.334239
  -0.328049
  -0.321855
  -0.315658
  -0.309459
  -0.303256
   -0.29705
  -0.290841
   -0.28463
  -0.278415
  -0.272198
  -0.265978
  -0.259756
  -0.253531
  -0.247303
  -0.241073
  -0.234841
  -0.228606
   -0.22237
   -0.21613
  -0.209889
  -0.203646
  -0.197401
  -0.191153
  -0.184904
  -0.178653
  -0.172401
  -0.166146
   -0.15989
  -0.153633
  -0.147374
  -0.141113
  -0.134851
  -0.128588
  -0.122323
  -0.116058
  -0.109791
  -0.103523
 -0.0972537
 -0.0909838
 -0.0847129
 -0.0784412
 -0.0721688
 -0.0658956
 -0.0596218
 -0.0533474
 -0.0470725
 -0.0407971
 -0.0345213
 -0.0282451
 -0.0219687
 -0.0156921
-0.00941533
-0.00313845
 0.00313845
 0.00941533
  0.0156921
  0.0219687
  0.0282451
  0.0345213
  0.0407971
  0.0470725
  0.0533474
  0.0596218
  0.0658956
  0.0721688
  0.0784412
  0.0847129
  0.0909838
  0.0972537
   0.103523
   0.109791
   0.116058
   0.122323
   0.128588
   0.134851
   0.141113
   0.147374
   0.153633
    0.15989
   0.166146
   0.172401
   0.178653
   0.184904
   0.191153
   0.197401
   0.203646
   0.209889
    0.21613
    0.22237
   0.228606
   0.234841
   0.241073
   0.247303
   0.253531
   0.259756
   0.265978
   0.272198
   0.278415
    0.28463
   0.290841
    0.29705
   0.303256
   0.309459
   0.315658
   0.321855
   0.328049
   0.334239
   0.340426
   0.346609
    0.35279
   0.358966
    0.36514
   0.371309
   0.377475
   0.383637
   0.389796
    0.39595
   0.402101
   0.408248
   0.414391
   0.420529
   0.426664
   0.432794
    0.43892
   0.445042
   0.451159
   0.457272
    0.46338
   0.469484
   0.475583
   0.481678
   0.487768
   0.493853
   0.499933
   0.506008
   0.512078
   0.518143
   0.524203
   0.530258
   0.536308
   0.542352
   0.548391
   0.554425
   0.560453
   0.566476
   0.572493
   0.578504
    0.58451
    0.59051
   0.596504
   0.602492
   0.608475
   0.614451
   0.620421
   0.626386
   0.632344
   0.638295
   0.644241
    0.65018
   0.656113
   0.662039
   0.667959
   0.673872
   0.679779
   0.685678
   0.691572
   0.697458
   0.703337
    0.70921
   0.715075
   0.720934
   0.726785
   0.732629
   0.738466
   0.744296
   0.750118
   0.755933
   0.761741
   0.767541
   0.773333
   0.779118
   0.784896
   0.790665
   0.796427
   0.802181
   0.807926
   0.813664
   0.819394
   0.825116
    0.83083
   0.836536
   0.842233
   0.847922
   0.853603
   0.859275
   0.864939
   0.870594
   0.876241
   0.881879
   0.887508
   0.893129
   0.898741
   0.904344
   0.909938
   0.915523
   0.921099
   0.926666
   0.932224
   0.937773
   0.943312
   0.948843
   0.954363
   0.959875
   0.965377
   0.970869
   0.976352
   0.981826
   0.987289
   0.992743
   0.998187
    1.00362
    1.00905
    1.01446
    1.01987
    1.02526
    1.03064
    1.03602
    1.04138
    1.04674
    1.05208
    1.05741
    1.06274
    1.06805
    1.07335
    1.07864
    1.08392
    1.08919
    1.09445
     1.0997
    1.10494
    1.11016
    1.11538
    1.12058
    1.12578
    1.13096
    1.13613
    1.14129
    1.14644
    1.15158
     1.1567
    1.16182
    1.16692
    1.17201
    1.17709
    1.18216
    1.18722
    1.19226
     1.1973
    1.20232
    1.20733
    1.21233
    1.21732
    1.22229
    1.22725
     1.2322
    1.23714
    1.24207
    1.24698
    1.25188
    1.25677
    1.26165
    1.26651
    1.27136
     1.2762
    1.28103
    1.28584
    1.29064
    1.29543
    1.30021
    1.30497
    1.30972
    1.31446
    1.31918
    1.32389
    1.32859
    1.33328
    1.33795
    1.34261
    1.34725
    1.35189
    1.35651
    1.36111
     1.3657
    1.37028
    1.37485
     1.3794
    1.38394
    1.38846
    1.39297
    1.39747
    1.40196
    1.40642
    1.41088
    1.41532
    1.41975
    1.42416
    1.42856
    1.43295
    1.43732
    1.44168
    1.44602
    1.45035
    1.45467
    1.45897
    1.46325
    1.46753
    1.47178
    1.47603
    1.48025
    1.48447
    1.48867
    1.49285
    1.49702
    1.50118
    1.50532
    1.50944
    1.51355
    1.51765
    1.52173
    1.52579
    1.52985
    1.53388
     1.5379
    1.54191
     1.5459
    1.54987
    1.55383
    1.55778
     1.5617
    1.56562
    1.56952
     1.5734
    1.57727
    1.58112
    1.58495
    1.58877
    1.59258
    1.59637
    1.60014
     1.6039
    1.60764
    1.61137
    1.61508
    1.61877
    1.62245
    1.62611
    1.62976
    1.63339
      1.637
     1.6406
    1.64418
    1.64775
     1.6513
    1.65483
    1.65835
    1.66185
    1.66533
     1.6688
    1.67225
    1.67569
    1.67911
    1.68251
    1.68589
    1.68926
    1.69261
    1.69595
    1.69927
    1.70257
    1.70585
    1.70912
    1.71237
    1.71561
    1.71883
    1.72203
    1.72521
    1.72838
    1.73153
    1.73466
    1.73778
    1.74087
    1.74396
    1.74702
    1.75007
     1.7531
    1.75611
     1.7591
    1.76208
    1.76504
    1.76799
    1.77091
    1.77382
    1.77671
    1.77958
    1.78244
    1.78528
     1.7881
     1.7909
    1.79369
    1.79646
    1.79921
    1.80194
    1.80465
    1.80735
    1.81003
    1.81269
    1.81533
    1.81796
    1.82057
    1.82316
    1.82573
    1.82828
    1.83082
    1.83333
    1.83583
    1.83831
    1.84078
    1.84322
    1.84565
    1.84806
    1.85045
    1.85282
    1.85518
    1.85751
    1.85983
    1.86213
    1.86441
    1.86667
    1.86892
    1.87114
    1.87335
    1.87554
    1.87771
    1.87986
      1.882
    1.88411
    1.88621
    1.88828
    1.89034
    1.89238
    1.89441
    1.89641
    1.89839
    1.90036
    1.90231
    1.90424
    1.90615
    1.90804
    1.90991
    1.91176
     1.9136
    1.91541
    1.91721
    1.91899
    1.92074
    1.92248
    1.92421
    1.92591
    1.92759
    1.92926
     1.9309
    1.93253
    1.93413
    1.93572
    1.93729
    1.93884
    1.94037
    1.94188
    1.94338
    1.94485
     1.9463
    1.94774
    1.94916
    1.95055
    1.95193
    1.95329
    1.95463
    1.95595
    1.95725
    1.95853
    1.95979
    1.96103
    1.96226
    1.96346
    1.96465
    1.96581
    1.96696
    1.96808
    1.96919
    1.97028
    1.97135
     1.9724
    1.97342
    1.97444
    1.97543
     1.9764
    1.97735
    1.97828
    1.97919
    1.98009
    1.98096
    1.98182
    1.98265
    1.98347
    1.98426
    1.98504
    1.98579
    1.98653
    1.98725
    1.98795
    1.98862
    1.98928
    1.98992
    1.99054
    1.99114
    1.99172
    1.99228
    1.99282
    1.99335
    1.99385
    1.99433
    1.99479
    1.99523
    1.99566
    1.99606
    1.99645
    1.99681
    1.99715
    1.99748
    1.99778
    1.99807
    1.99834
    1.99858
    1.99881
    1.99902
     1.9992
    1.99937
    1.99952
    1.99965
    1.99975
    1.99984
    1.99991
    1.99996
    1.99999