 -1.0648
0.579502
 2.31536
 2.66776
 6.33264
 6.33594
 12.2918
 12.2918
  20.275
  20.275
 30.2667
 30.2667
 42.2619
 42.2619
 56.2589
 56.2589
 72.2569
 72.2569
 90.2556
 90.2556
 110.255
 110.255
 132.254
 132.254
 156.253
 156.253
 182.253
 182.253
 210.252
 210.252
 240.252
 240.252
 272.252
 272.252
 306.252
 306.252
 342.251
 342.251
 380.251
 380.251
 420.251
 420.251
 462.251
 462.251
 506.251
 506.251
 552.251
 552.251
 600.251
 600.251
 650.251
 650.251
 702.251
 702.251
 756.251
 756.251
 812.251
 812.251
 870.251
 870.251
 930.251
 930.251
 992.251
 992.251
 1056.25
 1056.25
 1122.25
 1122.25
 1190.25
 1190.25
 1260.25
 1260.25
 1332.25
 1332.25
 1406.25
 1406.25
 1482.25
 1482.25
 1560.25
 1560.25
 1640.25
 1640.25
 1722.25
 1722.25
 1806.25
 1806.25
 1892.25
 1892.25
 1980.25
 1980.25
 2070.25
 2070.25
 2162.25
 2162.25
 2256.25
 2256.25
 2352.25
 2352.25
 2450.26
 2450.26