    -1.85904
    -1.85901
    -1.85894
    -1.85893
    -1.85864
    -1.85861
    -1.85734
    -1.85713
    -1.85707
     -1.8567
    -1.85655
    -1.85649
    -1.85558
    -1.85504
    -1.85468
    -1.85419
    -1.85412
    -1.85384
    -1.85335
    -1.85291
    -1.85288
    -1.85269
    -1.85229
    -1.85221
    -1.85198
    -1.85145
    -1.85125
    -1.85095
    -1.85037
    -1.85017
    -1.85016
    -1.84976
    -1.84968
    -1.84957
    -1.84945
    -1.84891
    -1.84889
    -1.84872
    -1.84868
    -1.84803
    -1.84766
    -1.84754
    -1.84743
    -1.84712
    -1.84707
    -1.84686
    -1.84686
    -1.84672
    -1.84619
    -1.84565
    -1.84478
    -1.84461
    -1.84454
     -1.8444
     -1.8444
    -1.84431
    -1.84391
    -1.84334
    -1.84326
    -1.84238
    -1.84214
    -1.84205
    -1.84173
    -1.84158
     -1.8412
     -1.8401
    -1.83996
    -1.83874
    -1.83862
    -1.83844
    -1.83826
    -1.83761
    -1.83724
    -1.83707
    -1.83665
    -1.83644
    -1.83589
    -1.83558
    -1.83548
    -1.83499
    -1.83467
    -1.83455
    -1.83412
    -1.83389
    -1.83332
    -1.83289
    -1.83236
    -1.83099
    -1.83093
    -1.83055
    -1.83018
    -1.82968
    -1.82946
    -1.82921
    -1.82872
    -1.82834
    -1.82777
    -1.82719
    -1.82716
    -1.82648
    -1.82572
    -1.82522
    -1.82492
     -1.8243
    -1.82376
    -1.82359
    -1.82253
    -1.82218
    -1.82108
    -1.82054
    -1.81957
    -1.81924
    -1.81879
    -1.81811
    -1.81745
    -1.81655
    -1.81618
    -1.81583
     -1.8153
    -1.81483
    -1.81447
      -1.814
    -1.81318
    -1.81268
    -1.81196
    -1.81135
    -1.81115
    -1.81055
    -1.81023
    -1.80924
    -1.80889
    -1.80726
     -1.8069
    -1.80658
    -1.80595
    -1.80563
     -1.8044
    -1.80416
    -1.80288
    -1.80251
    -1.80132
    -1.80116
    -1.80059
    -1.79964
    -1.79875
    -1.79831
    -1.79744
    -1.79683
    -1.79547
    -1.79518
    -1.79482
    -1.79383
    -1.79359
    -1.79242
     -1.7915
    -1.79101
    -1.78979
    -1.78929
     -1.7888
      -1.788
    -1.78729
    -1.78659
    -1.78566
    -1.78472
    -1.78452
    -1.78344
      -1.782
    -1.78173
    -1.78019
    -1.77951
    -1.77907
    -1.77839
    -1.77738
    -1.77599
    -1.77589
    -1.77506
    -1.77456
    -1.77384
    -1.77255
    -1.77183
    -1.77099
     -1.7696
     -1.7688
    -1.76838
    -1.76691
    -1.76604
      -1.765
    -1.76423
     -1.7633
    -1.76252
    -1.76196
    -1.76024
    -1.75984
    -1.75862
    -1.75802
    -1.75617
    -1.75555
    -1.75502
    -1.75387
    -1.75281
    -1.75193
    -1.75099
    -1.74993
    -1.74905
    -1.74855
    -1.74659
    -1.74563
    -1.74509
    -1.74372
    -1.74267
    -1.74125
    -1.74048
     -1.7397
    -1.73827
    -1.73821
     -1.7365
      -1.736
    -1.73494
    -1.73397
    -1.73326
    -1.73095
    -1.73008
    -1.72956
    -1.72827
    -1.72795
    -1.72636
    -1.72491
    -1.72395
    -1.72262
     -1.7213
    -1.72057
    -1.71939
     -1.7187
    -1.71743
    -1.71649
    -1.71483
    -1.71409
    -1.71265
    -1.71194
    -1.71057
     -1.7097
    -1.70843
    -1.70729
    -1.70503
    -1.70484
    -1.70356
    -1.70219
     -1.7006
    -1.70022
    -1.69843
    -1.69783
    -1.69627
    -1.69585
     -1.6947
    -1.69277
    -1.69123
    -1.69009
    -1.68851
     -1.6881
    -1.68635
    -1.68578
    -1.68334
    -1.68282
    -1.68093
    -1.68076
    -1.67908
    -1.67863
    -1.67627
    -1.67521
    -1.67367
    -1.67304
     -1.6712
    -1.67011
    -1.66889
    -1.66712
    -1.66536
    -1.66499
    -1.66356
    -1.66204
    -1.66048
    -1.65996
    -1.65717
     -1.6569
    -1.65541
    -1.65342
    -1.65193
    -1.65151
    -1.64944
    -1.64921
    -1.64656
    -1.64633
    -1.64481
    -1.64313
    -1.64112
    -1.64003
    -1.63859
    -1.63723
    -1.63554
    -1.63462
    -1.63284
    -1.63156
    -1.63002
    -1.62903
    -1.62709
    -1.62631
    -1.62441
    -1.62352
    -1.62206
    -1.61975
    -1.61822
    -1.61801
    -1.61569
    -1.61426
    -1.61305
    -1.61144
    -1.60995
     -1.6086
    -1.60565
    -1.60506
    -1.60296
    -1.60211
    -1.60004
    -1.59949
    -1.59733
    -1.59632
    -1.59412
    -1.59367
    -1.59147
     -1.5902
    -1.58852
    -1.58734
     -1.5847
    -1.58414
    -1.58175
    -1.58132
    -1.57913
    -1.57793
    -1.57572
    -1.57446
    -1.57204
    -1.57073
    -1.56876
    -1.56821
    -1.56586
    -1.56487
    -1.56266
    -1.56202
    -1.55942
     -1.5586
    -1.55631
    -1.55512
    -1.55334
    -1.55166
    -1.54995
    -1.54863
    -1.54618
    -1.54542
    -1.54291
    -1.54246
    -1.53954
    -1.53831
     -1.5363
    -1.53534
    -1.53231
    -1.53128
    -1.52902
    -1.52838
      -1.526
    -1.52457
    -1.52249
    -1.52125
     -1.5191
    -1.51803
    -1.51535
    -1.51454
    -1.51201
    -1.51145
    -1.50893
    -1.50781
    -1.50548
    -1.50355
    -1.50137
    -1.50107
    -1.49871
    -1.49686
    -1.49537
    -1.49269
    -1.49122
     -1.4887
    -1.48635
    -1.48574
    -1.48337
    -1.48255
    -1.48001
     -1.4785
      -1.476
    -1.47494
    -1.47292
     -1.4709
    -1.46886
    -1.46768
    -1.46444
    -1.46411
    -1.46138
    -1.46036
    -1.45729
    -1.45717
    -1.45351
    -1.45312
    -1.44972
    -1.44965
    -1.44687
    -1.44545
    -1.44261
    -1.44119
    -1.43918
    -1.43724
    -1.43451
    -1.43426
    -1.43157
    -1.42984
    -1.42708
    -1.42595
    -1.42299
    -1.42248
    -1.41934
    -1.41849
    -1.41577
    -1.41474
    -1.41137
    -1.41107
    -1.40753
    -1.40667
     -1.4035
     -1.4029
    -1.40008
    -1.39907
    -1.39544
     -1.3948
    -1.39166
    -1.39095
    -1.38785
    -1.38663
    -1.38353
    -1.38296
    -1.38018
    -1.37821
     -1.3756
    -1.37479
    -1.37186
    -1.37025
    -1.36738
    -1.36644
    -1.36346
    -1.36243
    -1.35909
    -1.35852
    -1.35524
    -1.35432
    -1.35125
    -1.34994
     -1.3468
     -1.3462
    -1.34282
    -1.34185
    -1.33875
    -1.33741
    -1.33426
     -1.3334
     -1.3304
    -1.32939
    -1.32611
    -1.32468
    -1.32206
    -1.32022
     -1.3173
    -1.31615
    -1.31272
    -1.31243
    -1.30921
    -1.30762
    -1.30455
    -1.30337
    -1.30056
    -1.29863
    -1.29554
    -1.29505
    -1.29172
    -1.29025
    -1.28693
    -1.28627
    -1.28314
    -1.28176
    -1.27851
    -1.27724
    -1.27437
    -1.27333
    -1.26957
     -1.2683
    -1.26552
    -1.26327
    -1.26081
    -1.25918
     -1.2564
    -1.25509
    -1.25179
    -1.25026
    -1.24767
    -1.24542
    -1.24259
    -1.24147
    -1.23819
    -1.23707
     -1.2331
    -1.23261
    -1.22892
    -1.22831
    -1.22492
    -1.22351
    -1.21998
     -1.2185
    -1.21578
     -1.2137
     -1.2106
    -1.20983
    -1.20566
    -1.20558
    -1.20136
    -1.20085
    -1.19672
    -1.19629
    -1.19308
    -1.19004
    -1.18739
    -1.18634
    -1.18288
    -1.18142
    -1.17807
    -1.17713
    -1.17315
    -1.17257
    -1.16884
    -1.16724
    -1.16372
    -1.16278
    -1.15912
    -1.15811
    -1.15427
    -1.15363
    -1.14919
    -1.14905
    -1.14472
    -1.14429
    -1.14047
    -1.13865
     -1.1352
    -1.13428
    -1.13047
    -1.12938
    -1.12561
    -1.12481
    -1.12038
    -1.12016
    -1.11621
    -1.11476
    -1.11129
       -1.11
    -1.10621
    -1.10559
    -1.10113
     -1.1004
     -1.0963
    -1.09575
    -1.09089
    -1.09068
     -1.0867
    -1.08542
    -1.08211
    -1.08004
    -1.07664
    -1.07544
    -1.07146
    -1.07073
    -1.06668
    -1.06548
    -1.06147
    -1.06089
     -1.0566
    -1.05587
    -1.05197
    -1.05029
    -1.04621
     -1.0459
    -1.04145
     -1.0408
    -1.03658
    -1.03551
    -1.03163
    -1.03028
    -1.02604
    -1.02572
    -1.02141
    -1.02017
    -1.01644
    -1.01492
    -1.01076
    -1.01042
    -1.00584
    -1.00522
    -1.00099
   -0.999821
   -0.995579
   -0.994952
   -0.990295
   -0.989978
   -0.985266
   -0.985011
   -0.980187
   -0.979312
   -0.975446
   -0.974023
   -0.970067
   -0.968358
   -0.964402
   -0.963658
   -0.959373
   -0.958523
   -0.954378
    -0.95316
   -0.948986
   -0.947949
   -0.943718
   -0.942754
    -0.93884
   -0.937106
   -0.933069
   -0.932166
   -0.927984
   -0.926963
   -0.922645
   -0.921943
   -0.916958
   -0.916384
   -0.912593
   -0.910228
   -0.906372
   -0.905745
   -0.901356
   -0.900056
   -0.896272
   -0.894531
   -0.890307
   -0.889408
   -0.885264
   -0.884112
   -0.879226
   -0.878937
   -0.874011
   -0.873404
   -0.868977
   -0.867764
   -0.863264
   -0.862772
   -0.858075
   -0.857191
   -0.852595
   -0.851957
   -0.847635
   -0.846097
   -0.842197
   -0.840678
   -0.836681
   -0.835225
   -0.830804
     -0.8296
   -0.825075
   -0.824716
   -0.819999
   -0.818813
   -0.814425
    -0.81359
    -0.80898
   -0.808382
   -0.804269
   -0.801805
   -0.798018
   -0.796408
   -0.791895
   -0.791371
   -0.786587
   -0.786095
   -0.781082
   -0.780288
   -0.775751
   -0.774658
    -0.77057
   -0.768735
   -0.764604
   -0.763455
   -0.758941
   -0.757615
   -0.753158
   -0.752797
   -0.749006
   -0.745458
   -0.741363
   -0.741009
    -0.73616
   -0.735661
   -0.731573
   -0.728929
   -0.725238
   -0.723886
   -0.719242
    -0.71885
   -0.713865
   -0.712462
   -0.708222
   -0.707261
    -0.70254
   -0.701204
   -0.696641
   -0.695932
   -0.690878
   -0.689923
   -0.685275
   -0.684636
   -0.679729
   -0.678233
   -0.673855
   -0.672973
   -0.668507
   -0.666831
   -0.662171
   -0.661546
   -0.656593
   -0.655697
   -0.651675
   -0.649667
   -0.644993
   -0.643242
   -0.639075
   -0.638179
   -0.633094
   -0.632919
   -0.627669
   -0.626695
   -0.621853
   -0.621291
   -0.616497
   -0.614888
   -0.610774
   -0.609046
   -0.604572
   -0.603492
   -0.598798
   -0.597673
   -0.592631
   -0.592245
   -0.586767
   -0.586268
   -0.581855
   -0.579842
   -0.575728
   -0.573799
   -0.569244
    -0.56876
   -0.563668
   -0.562103
   -0.557326
    -0.55692
   -0.551882
    -0.55077
   -0.545476
   -0.545334
   -0.539888
   -0.539325
   -0.533904
   -0.533474
   -0.528045
    -0.52759
   -0.522332
   -0.521548
   -0.516431
   -0.515722
   -0.510459
    -0.50981
   -0.504968
   -0.503409
   -0.498613
   -0.497751
   -0.492701
   -0.491746
    -0.48668
    -0.48573
   -0.480742
   -0.480123
   -0.474876
   -0.473913
   -0.468557
   -0.468151
   -0.462921
   -0.461915
   -0.457183
   -0.455684
   -0.451096
   -0.449742
   -0.444926
   -0.443964
   -0.438755
   -0.438428
   -0.433092
   -0.431826
    -0.42716
   -0.425822
   -0.421058
   -0.419659
   -0.414868
   -0.414045
   -0.409349
   -0.407726
   -0.403194
   -0.401366
    -0.39656
   -0.395755
   -0.390325
   -0.389957
   -0.384612
   -0.383937
   -0.379235
   -0.377087
   -0.372481
   -0.371597
   -0.366871
   -0.365324
   -0.360587
   -0.359232
   -0.354449
   -0.353394
   -0.348341
   -0.346927
    -0.34216
   -0.341117
   -0.336005
   -0.335339
   -0.330431
   -0.328624
   -0.324172
   -0.323013
   -0.318088
   -0.316151
   -0.311501
   -0.311054
   -0.305482
   -0.304391
     -0.2989
   -0.298539
   -0.293259
   -0.292274
   -0.287272
   -0.286109
   -0.281312
   -0.280158
   -0.275099
   -0.273436
   -0.269089
   -0.267147
   -0.262788
   -0.261183
   -0.256341
    -0.25546
   -0.250134
   -0.249426
   -0.244224
   -0.243187
   -0.238047
   -0.237255
   -0.231799
    -0.23063
   -0.225677
   -0.224574
   -0.219953
   -0.218024
   -0.212976
   -0.212437
   -0.207047
    -0.20634
   -0.201584
    -0.19959
   -0.195621
   -0.192856
   -0.188512
   -0.187779
   -0.182347
   -0.181343
   -0.176592
   -0.174188
   -0.169456
   -0.169083
   -0.163619
   -0.162968
   -0.157294
   -0.156611
   -0.151581
   -0.150011
   -0.144723
   -0.144336
   -0.138937
   -0.137859
   -0.133069
   -0.131425
   -0.126823
   -0.125036
   -0.120446
   -0.118864
   -0.114022
   -0.112903
   -0.107869
   -0.106705
   -0.101677
   -0.100501
  -0.0955564
  -0.0940826
  -0.0889563
  -0.0882486
  -0.0823727
  -0.0821953
  -0.0765961
  -0.0762583
  -0.0705503
  -0.0693484
  -0.0636983
  -0.0629343
  -0.0578753
  -0.0566791
   -0.051532
  -0.0505311
  -0.0450475
  -0.0441079
  -0.0388821
  -0.0383922
  -0.0324196
  -0.0319376
  -0.0265346
  -0.0252708
  -0.0201787
  -0.0190073
  -0.0137157
  -0.0131771
 -0.00750037
 -0.00710542
 -0.00157169
-0.000462368
  0.00468381
  0.00579772
   0.0112899
    0.011575
   0.0171242
   0.0181953
   0.0229977
    0.025191
   0.0300358
   0.0304311
   0.0364553
   0.0369775
    0.042071
   0.0438016
   0.0487513
   0.0494491
   0.0551089
   0.0559255
   0.0613156
   0.0622071
   0.0675182
   0.0683559
   0.0736571
   0.0747045
    0.079983
   0.0810212
    0.085917
   0.0871935
   0.0925037
   0.0940443
   0.0989675
   0.0998971
    0.105526
    0.105597
    0.111722
    0.112475
    0.117724
    0.118664
    0.123994
    0.125055
    0.129992
    0.131387
    0.136672
    0.137381
    0.142078
    0.144382
    0.149624
    0.149978
    0.154718
    0.157332
    0.161943
    0.162725
    0.167967
    0.169175
    0.174433
    0.175073
    0.180507
    0.181664
    0.186845
    0.187438
    0.193404
    0.193979
    0.199674
    0.200047
     0.20493
    0.207083
    0.212458
    0.213086
    0.218384
    0.219023
    0.224533
    0.225758
     0.23097
    0.231834
    0.237487
    0.237532
    0.243573
    0.244061
    0.249839
    0.250478
    0.255923
    0.256928
    0.261881
    0.263266
    0.268141
    0.269923
    0.274853
    0.275644
    0.280817
    0.282419
    0.287182
    0.288479
    0.293756
    0.294432
    0.299482
    0.301143
    0.306513
    0.306694
    0.312472
    0.313038
    0.318414
    0.319382
    0.324165
    0.326194
    0.330817
    0.332167
    0.337574
    0.338316
    0.343587
    0.344162
     0.35016
    0.350674
    0.356383
    0.356727
    0.362077
    0.363321
    0.368964
    0.369571
    0.374979
    0.376196
    0.381514
    0.381691
    0.387535
    0.388045
    0.393692
    0.394836
    0.399535
    0.401222
    0.405844
    0.407375
    0.412097
    0.413482
    0.418516
     0.41937
    0.424006
     0.42639
    0.430719
    0.432404
    0.437238
    0.438151
    0.443594
    0.443975
    0.449814
    0.450304
    0.455957
    0.456741
    0.462414
    0.462794
    0.468453
    0.468665
    0.473797
    0.475557
    0.479996
    0.482273
    0.487246
    0.487632
    0.492327
    0.494837
    0.498909
    0.500738
    0.505685
     0.50638
    0.511672
    0.512385
    0.517246
    0.519219
     0.52356
    0.525351
    0.530247
    0.530684
    0.536421
    0.537241
    0.542685
    0.543499
    0.548723
    0.549457
     0.55478
     0.55547
    0.560457
    0.562211
    0.566653
    0.568112
    0.572538
    0.574625
    0.579247
    0.580668
    0.585007
    0.586998
    0.591592
    0.592644
    0.597517
    0.598526
    0.603958
    0.604663
     0.60973
      0.6112
    0.615328
    0.617833
    0.622057
    0.623541
    0.627925
    0.629853
     0.63473
    0.635292
    0.640475
    0.641424
    0.646155
    0.647776
    0.652003
    0.654222
    0.658763
    0.659498
    0.665053
    0.666041
    0.671105
      0.6717
    0.676351
    0.678644
    0.683407
    0.683733
     0.68929
    0.689649
    0.694828
    0.696095
    0.700571
    0.702462
    0.707119
     0.70853
    0.713527
    0.714097
    0.719205
     0.71997
    0.725364
    0.726487
    0.731293
    0.732283
    0.737425
    0.738167
    0.743155
    0.744266
    0.748964
    0.750541
    0.755431
     0.75614
    0.761209
     0.76221
    0.767326
    0.768141
    0.773287
    0.774235
    0.779329
    0.779972
    0.784987
    0.786066
    0.790762
    0.792125
    0.796729
    0.798102
    0.802761
    0.804379
    0.808923
    0.810049
    0.814953
    0.815746
    0.821074
    0.821451
    0.826896
    0.827292
    0.832736
    0.833288
    0.838326
     0.83943
    0.844588
    0.844874
    0.850308
    0.850932
    0.855885
     0.85686
    0.861662
    0.862726
    0.867536
    0.869053
    0.873001
    0.875196
    0.879626
    0.880552
    0.885407
    0.886357
     0.89112
     0.89237
     0.89693
    0.898079
    0.902168
    0.904395
    0.908668
    0.910071
    0.914786
    0.915246
    0.920258
    0.921308
    0.926449
    0.926515
    0.932037
    0.932662
    0.937593
    0.938239
     0.94261
    0.944351
    0.948522
    0.951258
    0.955273
    0.955613
    0.960872
    0.961468
    0.966533
    0.967666
    0.971852
    0.973438
    0.977221
    0.979457
     0.98381
     0.98458
    0.989051
    0.990348
    0.994968
    0.996081
     1.00088
     1.00162
     1.00596
     1.00775
     1.01193
     1.01338
       1.018
     1.01877
     1.02312
     1.02456
     1.02837
      1.0306
     1.03493
     1.03555
     1.04003
     1.04111
     1.04462
     1.04824
     1.05203
     1.05263
     1.05724
     1.05801
     1.06309
     1.06372
     1.06819
     1.06958
     1.07432
     1.07447
     1.07928
     1.08087
      1.0852
       1.086
     1.09059
      1.0912
     1.09578
     1.09746
     1.10134
     1.10318
     1.10752
     1.10817
     1.11284
     1.11383
     1.11821
     1.11925
     1.12399
     1.12427
     1.12866
     1.13039
      1.1341
      1.1362
     1.13969
     1.14167
     1.14562
     1.14666
     1.15113
     1.15199
     1.15671
     1.15717
     1.16203
     1.16252
     1.16681
     1.16845
      1.1728
     1.17324
     1.17796
     1.17875
     1.18302
     1.18484
     1.18908
     1.18948
      1.1933
     1.19585
     1.19932
     1.20028
     1.20517
     1.20579
        1.21
      1.2119
     1.21561
     1.21648
     1.22124
     1.22176
     1.22647
     1.22703
     1.23145
     1.23254
     1.23638
     1.23806
      1.2422
      1.2431
      1.2472
     1.24844
     1.25285
     1.25311
     1.25774
     1.25871
     1.26294
     1.26375
     1.26767
     1.26949
     1.27277
     1.27502
      1.2785
     1.27969
     1.28411
     1.28466
     1.28905
      1.2898
     1.29441
     1.29469
     1.29889
     1.30042
     1.30452
     1.30514
     1.30967
     1.31015
     1.31437
     1.31557
     1.31955
      1.3207
     1.32489
     1.32536
     1.32956
     1.33094
     1.33446
     1.33608
     1.33994
     1.34103
      1.3449
     1.34593
     1.34977
      1.3512
     1.35511
     1.35589
     1.36021
     1.36073
     1.36499
     1.36605
     1.37013
     1.37063
     1.37436
     1.37647
     1.37984
     1.38091
     1.38462
     1.38614
     1.39011
     1.39031
     1.39447
     1.39593
     1.39932
     1.40071
     1.40501
     1.40537
     1.40984
     1.40989
     1.41399
     1.41549
     1.41944
     1.41982
     1.42383
     1.42501
     1.42901
     1.42947
     1.43389
     1.43407
     1.43805
     1.43978
     1.44331
     1.44398
     1.44834
     1.44842
     1.45278
     1.45341
     1.45754
      1.4582
     1.46177
     1.46345
     1.46686
     1.46834
     1.47163
     1.47261
     1.47635
     1.47727
     1.48053
      1.4825
     1.48532
     1.48687
     1.48937
      1.4923
     1.49569
     1.49622
      1.4998
     1.50075
     1.50435
      1.5052
     1.50922
     1.50981
     1.51354
     1.51437
     1.51804
     1.51952
      1.5227
     1.52406
     1.52742
     1.52856
     1.53184
     1.53272
     1.53613
     1.53771
     1.54119
     1.54144
     1.54454
     1.54674
     1.55012
      1.5509
     1.55363
     1.55611
     1.55896
     1.55967
      1.5629
     1.56491
     1.56822
       1.569
     1.57235
      1.5734
     1.57682
     1.57778
     1.58082
     1.58244
     1.58541
      1.5865
     1.58957
     1.59102
     1.59457
     1.59487
     1.59813
     1.59965
     1.60252
     1.60397
     1.60667
     1.60862
     1.61157
     1.61226
     1.61512
     1.61697
     1.61988
     1.62138
     1.62399
     1.62558
     1.62817
     1.62995
     1.63288
     1.63363
     1.63686
      1.6377
     1.64162
     1.64188
     1.64524
     1.64618
     1.64949
     1.65034
     1.65389
     1.65419
     1.65751
     1.65841
     1.66204
     1.66241
     1.66569
     1.66686
     1.67009
     1.67082
     1.67383
     1.67511
     1.67759
     1.67946
     1.68223
     1.68291
      1.6858
     1.68723
     1.69024
     1.69085
     1.69386
     1.69532
     1.69789
      1.6993
     1.70229
     1.70295
     1.70584
      1.7071
     1.70967
     1.71144
     1.71374
     1.71508
     1.71745
      1.7191
      1.7218
     1.72252
     1.72539
     1.72608
     1.72986
     1.72998
     1.73353
     1.73419
     1.73651
     1.73847
      1.7411
     1.74186
     1.74428
     1.74627
      1.7488
     1.74921
     1.75211
     1.75325
     1.75554
      1.7571
     1.75967
     1.76084
     1.76334
     1.76424
     1.76705
     1.76812
     1.77069
     1.77137
      1.7741
     1.77538
      1.7776
     1.77953
     1.78173
     1.78268
     1.78502
      1.7859
     1.78781
     1.78973
      1.7919
     1.79456
     1.79646
     1.79731
     1.79949
     1.80122
     1.80331
     1.80505
     1.80744
     1.80819
     1.81062
     1.81148
     1.81374
     1.81454
     1.81785
     1.81815
      1.8212
     1.82191
     1.82441
     1.82492
     1.82782
     1.82845
     1.83082
     1.83166
     1.83361
     1.83603
     1.83783
     1.83935
     1.84092
     1.84275
     1.84475
     1.84537
     1.84743
     1.84892
     1.85125
     1.85236
     1.85452
     1.85576
     1.85785
     1.85888
     1.86103
     1.86193
     1.86425
     1.86489
     1.86741
     1.86808
     1.86984
      1.8718
      1.8732
     1.87498
      1.8766
     1.87842
     1.88037
     1.88181
     1.88366
     1.88413
     1.88632
     1.88723
     1.88958
     1.89066
     1.89267
     1.89344
     1.89583
     1.89595
     1.89843
     1.89922
     1.90103
     1.90282
      1.9048
     1.90576
     1.90854
     1.90882
     1.91053
     1.91253
     1.91393
     1.91496
     1.91692
     1.91757
     1.91947
     1.92008
      1.9229
     1.92381
      1.9255
     1.92618
     1.92829
     1.92891
     1.93123
     1.93211
     1.93411
     1.93453
     1.93663
     1.93814
     1.93926
     1.94029
     1.94268
     1.94351
     1.94539
     1.94597
     1.94783
     1.94953
     1.95065
     1.95218
     1.95364
     1.95396
     1.95599
     1.95713
     1.95839
     1.95969
     1.96117
     1.96225
     1.96421
     1.96501
     1.96754
     1.96771
     1.96958
      1.9705
     1.97159
     1.97287
      1.9745
     1.97574
     1.97665
     1.97818
     1.97988
     1.98089
     1.98293
     1.98319
     1.98498
     1.98606
     1.98726
     1.98812
     1.98955
     1.99072
     1.99187
     1.99297
     1.99497
     1.99608
     1.99705
     1.99836
     1.99973
     1.99996
     2.00159
     2.00302
     2.00459
      2.0049
     2.00617
     2.00662
     2.00944
     2.01038
     2.01184
     2.01215
     2.01347
     2.01436
     2.01597
     2.01668
     2.01808
     2.01834
     2.01951
     2.02141
     2.02238
     2.02384
     2.02483
     2.02538
     2.02703
     2.02724
     2.02871
     2.02955
     2.03125
     2.03206
      2.0334
     2.03406
      2.0355
     2.03575
     2.03732
     2.03762
     2.03902
     2.04009
     2.04123
     2.04155
      2.0429
     2.04365
     2.04602
     2.04639
     2.04748
     2.04844
     2.04933
     2.04962
     2.05172
     2.05303
     2.05369
     2.05404
      2.0556
     2.05641
     2.05709
     2.05816
     2.05893
     2.05955
     2.06101
     2.06201
      2.0629
     2.06336
     2.06473
     2.06556
     2.06625
     2.06705
     2.06772
     2.06874
     2.06993
     2.07007
     2.07098
     2.07223
     2.07383
     2.07441
     2.07521
     2.07562
     2.07654
     2.07726
     2.07838
     2.07886
     2.07987
     2.08039
     2.08131
     2.08143
      2.0828
     2.08436
     2.08482
     2.08498
     2.08538
      2.0874
     2.08846
     2.08883
     2.08982
     2.09087
     2.09131
     2.09176
     2.09312
      2.0935
       2.094
      2.0947
     2.09512
     2.09615
     2.09651
     2.09771
     2.09819
     2.09889
     2.09958
     2.09988
     2.10093
     2.10204
     2.10237
     2.10351
     2.10393
     2.10456
      2.1049
     2.10533
     2.10572
     2.10618
     2.10755
     2.10842
     2.10907
     2.10942
     2.11025
     2.11048
     2.11177
     2.11188
     2.11259
       2.113
     2.11341
     2.11497
     2.11525
     2.11561
     2.11585
     2.11632
     2.11759
     2.11782
     2.11872
     2.11909
      2.1193
     2.12022
     2.12043
     2.12099
     2.12123
     2.12127
     2.12226
     2.12234
      2.1242
     2.12488
     2.12527
     2.12561
     2.12591
     2.12614
      2.1266
     2.12668
     2.12776
     2.12791
      2.1292
     2.12978
     2.13024
     2.13058
     2.13102
     2.13123
     2.13137
     2.13159
     2.13184
     2.13277
     2.13348
     2.13378
      2.1341
     2.13417
     2.13427
     2.13488
     2.13491
     2.13504
     2.13624
     2.13639
     2.13705
      2.1371
     2.13814
     2.13911
     2.13918
     2.13935
     2.13939
     2.13953
     2.14024
     2.14107
     2.14163
     2.14175
     2.14198
     2.14201
     2.14266
      2.1432
     2.14338
     2.14368
      2.1439
     2.14412
     2.14454
     2.14482
     2.14497
     2.14513
      2.1452
     2.14521
     2.14543
     2.14551
     2.14626
     2.14647
     2.14652
     2.14658
     2.14673
     2.14717
     2.14789
      2.1479
     2.14816
     2.14837
     2.14898
     2.14902
     2.14956
     2.14957
     2.15013
     2.15032
     2.15034
      2.1509
     2.15092
     2.15115
     2.15127
     2.15147
     2.15171
     2.15185
     2.15187
      2.1521
     2.15215
     2.15227
     2.15239
     2.15242
     2.15305
     2.15321
     2.15369
     2.15412
     2.15441
     2.15462
      2.1548
     2.15492
     2.15603
     2.15606
     2.15827
     2.15857
     2.16037
      2.1604
     2.16096