  -1.99368
  -1.98104
  -1.96841
  -1.95577
  -1.94307
  -1.93013
  -1.91658
  -1.90197
  -1.88587
  -1.86804
  -1.84837
  -1.82684
  -1.80346
  -1.77827
   -1.7513
  -1.72257
  -1.69212
  -1.65999
  -1.62621
  -1.59081
  -1.55383
   -1.5153
  -1.47528
  -1.43378
  -1.39086
  -1.34656
  -1.30092
  -1.25399
  -1.20581
  -1.15642
  -1.10589
  -1.05425
  -1.00155
 -0.947854
 -0.893205
 -0.837659
 -0.781268
 -0.724087
 -0.666173
 -0.607581
 -0.548367
  -0.48859
 -0.428307
 -0.367576
 -0.306457
 -0.245008
 -0.183289
 -0.121359
-0.0592794
0.00289067
 0.0650908
  0.127261
   0.18934
   0.25127
  0.312988
  0.374437
  0.435556
  0.496286
  0.556569
  0.616345
  0.675558
   0.73415
  0.792063
  0.849242
  0.905632
  0.961178
   1.01583
   1.06952
   1.12222
   1.17385
   1.22439
   1.27377
   1.32195
   1.36888
   1.41452
   1.45881
   1.50173
   1.54322
   1.58324
   1.62176
   1.65874
   1.69413
   1.72791
   1.76003
   1.79047
   1.81919
   1.84615
   1.87132
   1.89467
   1.91616
   1.93574
   1.95335
   1.96891
   1.98223
   1.99368
   1.99936
   2.01532
   2.01549
   2.04781
   2.04781