    -1.9991
   -1.99786
   -1.99661
   -1.99536
   -1.99411
   -1.99286
    -1.9916
   -1.99035
   -1.98909
   -1.98784
   -1.98658
   -1.98533
   -1.98407
   -1.98282
   -1.98156
   -1.98031
   -1.97905
   -1.97779
   -1.97654
   -1.97528
   -1.97402
   -1.97277
   -1.97151
   -1.97026
     -1.969
   -1.96774
   -1.96649
   -1.96523
   -1.96398
   -1.96272
   -1.96146
   -1.96021
   -1.95895
    -1.9577
   -1.95644
   -1.95518
   -1.95393
   -1.95267
   -1.95142
   -1.95016
   -1.94891
   -1.94765
    -1.9464
   -1.94514
   -1.94389
   -1.94263
   -1.94138
   -1.94012
   -1.93887
   -1.93761
   -1.93636
   -1.93511
   -1.93385
    -1.9326
   -1.93134
   -1.93009
   -1.92884
   -1.92759
   -1.92633
   -1.92508
   -1.92383
   -1.92257
   -1.92132
   -1.92007
   -1.91882
   -1.91757
   -1.91632
   -1.91507
   -1.91382
   -1.91256
   -1.91133
   -1.91006
   -1.90885
   -1.90753
   -1.90639
   -1.90497
   -1.90395
   -1.90233
   -1.90146
   -1.89959
   -1.89884
   -1.89674
   -1.89607
   -1.89377
   -1.89316
    -1.8907
   -1.89013
   -1.88752
   -1.88699
   -1.88424
   -1.88374
   -1.88087
   -1.88039
   -1.87741
   -1.87695
   -1.87386
   -1.87342
   -1.87022
    -1.8698
    -1.8665
   -1.86609
   -1.86269
   -1.86229
    -1.8588
   -1.85841
   -1.85482
   -1.85445
   -1.85077
    -1.8504
   -1.84663
   -1.84628
   -1.84241
   -1.84207
   -1.83812
   -1.83778
   -1.83375
   -1.83342
    -1.8293
   -1.82898
   -1.82477
   -1.82445
   -1.82016
   -1.81986
   -1.81548
   -1.81518
   -1.81072
   -1.81043
   -1.80589
    -1.8056
   -1.80098
    -1.8007
     -1.796
   -1.79572
   -1.79094
   -1.79067
   -1.78581
   -1.78554
    -1.7806
   -1.78034
   -1.77532
   -1.77507
   -1.76997
   -1.76972
   -1.76455
    -1.7643
   -1.75905
    -1.7588
   -1.75348
   -1.75324
   -1.74784
    -1.7476
   -1.74213
   -1.74189
   -1.73634
   -1.73611
   -1.73049
   -1.73026
   -1.72456
   -1.72434
   -1.71857
   -1.71834
    -1.7125
   -1.71228
   -1.70636
   -1.70615
   -1.70016
   -1.69994
   -1.69388
   -1.69367
   -1.68754
   -1.68733
   -1.68113
   -1.68092
   -1.67465
   -1.67444
    -1.6681
    -1.6679
   -1.66148
   -1.66128
    -1.6548
    -1.6546
   -1.64804
   -1.64785
   -1.64123
   -1.64103
   -1.63434
   -1.63415
   -1.62739
    -1.6272
   -1.62037
   -1.62019
   -1.61329
    -1.6131
   -1.60614
   -1.60596
   -1.59893
   -1.59875
   -1.59165
   -1.59147
    -1.5843
   -1.58413
    -1.5769
   -1.57672
   -1.56943
   -1.56925
   -1.56189
   -1.56172
   -1.55429
   -1.55412
   -1.54663
   -1.54646
   -1.53891
   -1.53874
   -1.53112
   -1.53096
   -1.52327
   -1.52311
   -1.51536
    -1.5152
   -1.50739
   -1.50723
   -1.49936
    -1.4992
   -1.49127
   -1.49111
   -1.48311
   -1.48296
    -1.4749
   -1.47474
   -1.46663
   -1.46647
    -1.4583
   -1.45814
    -1.4499
   -1.44975
   -1.44145
    -1.4413
   -1.43294
   -1.43279
   -1.42438
   -1.42423
   -1.41575
    -1.4156
   -1.40707
   -1.40692
   -1.39833
   -1.39818
   -1.38954
   -1.38939
   -1.38068
   -1.38054
   -1.37177
   -1.37163
   -1.36281
   -1.36267
   -1.35379
   -1.35365
   -1.34472
   -1.34458
   -1.33559
   -1.33545
   -1.32641
   -1.32627
   -1.31717
   -1.31703
   -1.30788
   -1.30774
   -1.29854
    -1.2984
   -1.28914
   -1.28901
    -1.2797
   -1.27956
    -1.2702
   -1.27006
   -1.26064
   -1.26051
   -1.25104
   -1.25091
   -1.24139
   -1.24126
   -1.23169
   -1.23155
   -1.22193
    -1.2218
   -1.21213
     -1.212
   -1.20228
   -1.20215
   -1.19237
   -1.19225
   -1.18242
    -1.1823
   -1.17243
    -1.1723
   -1.16238
   -1.16225
   -1.15229
   -1.15216
   -1.14215
   -1.14202
   -1.13196
   -1.13184
   -1.12173
    -1.1216
   -1.11145
   -1.11133
   -1.10113
     -1.101
   -1.09076
   -1.09064
   -1.08035
   -1.08023
   -1.06989
   -1.06977
   -1.05939
   -1.05927
   -1.04885
   -1.04873
   -1.03826
   -1.03814
   -1.02763
   -1.02751
   -1.01696
   -1.01684
   -1.00625
   -1.00613
  -0.995497
   -0.99538
  -0.984704
  -0.984586
   -0.97387
  -0.973753
  -0.962996
   -0.96288
  -0.952083
  -0.951967
  -0.941131
  -0.941016
  -0.930141
  -0.930025
  -0.919112
  -0.918997
  -0.908046
  -0.907931
  -0.896942
  -0.896828
  -0.885802
  -0.885689
  -0.874626
  -0.874513
  -0.863413
  -0.863301
  -0.852166
  -0.852053
  -0.840883
  -0.840771
  -0.829566
  -0.829454
  -0.818214
  -0.818103
  -0.806829
  -0.806718
  -0.795411
    -0.7953
   -0.78396
  -0.783849
  -0.772476
  -0.772366
  -0.760961
  -0.760852
  -0.749415
  -0.749305
  -0.737837
  -0.737728
   -0.72623
  -0.726121
  -0.714592
  -0.714483
  -0.702924
  -0.702816
  -0.691228
   -0.69112
  -0.679502
  -0.679395
  -0.667749
  -0.667642
  -0.655968
  -0.655861
   -0.64416
  -0.644053
  -0.632325
  -0.632218
  -0.620464
  -0.620357
  -0.608576
   -0.60847
  -0.596664
  -0.596558
  -0.584727
  -0.584621
  -0.572765
  -0.572659
  -0.560779
  -0.560674
   -0.54877
  -0.548665
  -0.536738
  -0.536633
  -0.524683
  -0.524578
  -0.512606
  -0.512502
  -0.500508
  -0.500404
  -0.488389
  -0.488285
  -0.476249
  -0.476145
  -0.464089
  -0.463985
  -0.451909
  -0.451805
   -0.43971
  -0.439607
  -0.427492
  -0.427389
  -0.415256
  -0.415153
  -0.403003
    -0.4029
  -0.390732
  -0.390629
  -0.378445
  -0.378342
  -0.366141
  -0.366038
  -0.353821
  -0.353719
  -0.341486
  -0.341384
  -0.329137
  -0.329035
  -0.316773
  -0.316671
  -0.304395
  -0.304293
  -0.292004
  -0.291902
    -0.2796
  -0.279499
  -0.267184
  -0.267082
  -0.254755
  -0.254654
  -0.242316
  -0.242215
  -0.229865
  -0.229764
  -0.217405
  -0.217304
  -0.204934
  -0.204833
  -0.192454
  -0.192353
  -0.179965
  -0.179864
  -0.167467
  -0.167367
  -0.154962
  -0.154861
  -0.142449
  -0.142348
  -0.129929
  -0.129829
  -0.117403
  -0.117303
  -0.104871
   -0.10477
 -0.0923331
 -0.0922329
 -0.0797905
 -0.0796903
 -0.0672435
 -0.0671433
 -0.0546924
 -0.0545924
  -0.042138
 -0.0420379
 -0.0295805
 -0.0294805
 -0.0170205
 -0.0169206
-0.00445862
-0.00435866
  0.0081048
 0.00820473
  0.0206692
  0.0207691
  0.0332341
   0.033334
   0.045799
  0.0458989
  0.0583634
  0.0584633
  0.0709268
  0.0710267
  0.0834887
  0.0835886
  0.0960486
  0.0961486
   0.108606
   0.108706
   0.121161
    0.12126
   0.133712
   0.133811
   0.146259
   0.146359
   0.158801
   0.158901
   0.171339
   0.171439
   0.183871
   0.183971
   0.196397
   0.196497
   0.208917
   0.209017
    0.22143
    0.22153
   0.233935
   0.234035
   0.246432
   0.246533
   0.258921
   0.259022
   0.271401
   0.271502
   0.283872
   0.283973
   0.296333
   0.296433
   0.308783
   0.308884
   0.321223
   0.321323
   0.333651
   0.333752
   0.346067
   0.346168
   0.358471
   0.358572
   0.370862
   0.370963
    0.38324
   0.383341
   0.395603
   0.395705
   0.407953
   0.408054
   0.420288
   0.420389
   0.432607
   0.432709
   0.444911
   0.445013
   0.457198
     0.4573
   0.469469
   0.469571
   0.481722
   0.481824
   0.493958
    0.49406
   0.506175
   0.506278
   0.518374
   0.518477
   0.530554
   0.530657
   0.542714
   0.542817
   0.554854
   0.554957
   0.566973
   0.567076
   0.579071
   0.579174
   0.591148
   0.591251
   0.603202
   0.603306
   0.615234
   0.615338
   0.627243
   0.627347
   0.639229
   0.639333
    0.65119
   0.651295
   0.663128
   0.663232
    0.67504
   0.675145
   0.686927
   0.687032
   0.698788
   0.698893
   0.710623
   0.710728
   0.722431
   0.722536
   0.734211
   0.734317
   0.745965
   0.746071
    0.75769
   0.757796
   0.769386
   0.769493
   0.781053
    0.78116
   0.792691
   0.792798
   0.804298
   0.804406
   0.815876
   0.815983
   0.827422
    0.82753
   0.838937
   0.839045
    0.85042
   0.850528
    0.86187
   0.861979
   0.873288
   0.873398
   0.884673
   0.884783
   0.896024
   0.896134
   0.907341
   0.907452
   0.918624
   0.918734
   0.929871
   0.929982
   0.941083
   0.941195
    0.95226
   0.952371
     0.9634
   0.963511
   0.974503
   0.974615
   0.985569
   0.985681
   0.996597
    0.99671
    1.00759
     1.0077
    1.01854
    1.01865
    1.02945
    1.02957
    1.04032
    1.04044
    1.05116
    1.05127
    1.06195
    1.06207
     1.0727
    1.07282
    1.08342
    1.08353
    1.09409
     1.0942
    1.10471
    1.10483
     1.1153
    1.11542
    1.12584
    1.12596
    1.13634
    1.13646
     1.1468
    1.14692
    1.15721
    1.15733
    1.16758
     1.1677
     1.1779
    1.17802
    1.18818
     1.1883
    1.19841
    1.19853
     1.2086
    1.20872
    1.21874
    1.21886
    1.22883
    1.22895
    1.23887
      1.239
    1.24887
    1.24899
    1.25882
    1.25894
    1.26872
    1.26885
    1.27857
     1.2787
    1.28838
     1.2885
    1.29813
    1.29826
    1.30783
    1.30796
    1.31749
    1.31761
    1.32709
    1.32722
    1.33664
    1.33677
    1.34614
    1.34627
    1.35559
    1.35572
    1.36498
    1.36511
    1.37432
    1.37445
    1.38361
    1.38374
    1.39285
    1.39298
    1.40203
    1.40216
    1.41116
    1.41129
    1.42023
    1.42037
    1.42925
    1.42939
    1.43821
    1.43835
    1.44712
    1.44726
    1.45597
    1.45611
    1.46477
    1.46491
     1.4735
    1.47365
    1.48219
    1.48233
    1.49081
    1.49095
    1.49938
    1.49952
    1.50789
    1.50803
    1.51634
    1.51648
    1.52473
    1.52487
    1.53306
    1.53321
    1.54133
    1.54148
    1.54954
    1.54969
     1.5577
    1.55785
    1.56579
    1.56594
    1.57382
    1.57397
    1.58179
    1.58195
     1.5897
    1.58986
    1.59755
     1.5977
    1.60534
    1.60549
    1.61306
    1.61322
    1.62072
    1.62088
    1.62832
    1.62848
    1.63585
    1.63601
    1.64332
    1.64348
    1.65073
    1.65089
    1.65807
    1.65824
    1.66535
    1.66552
    1.67256
    1.67273
    1.67971
    1.67988
    1.68679
    1.68696
    1.69381
    1.69398
    1.70076
    1.70094
    1.70765
    1.70782
    1.71447
    1.71464
    1.72122
    1.72139
     1.7279
    1.72808
    1.73452
     1.7347
    1.74107
    1.74125
    1.74755
    1.74773
    1.75396
    1.75415
     1.7603
    1.76049
    1.76658
    1.76677
    1.77279
    1.77298
    1.77892
    1.77912
    1.78499
    1.78519
    1.79099
    1.79119
    1.79691
    1.79711
    1.80277
    1.80297
    1.80856
    1.80876
    1.81427
    1.81448
    1.81991
    1.82012
    1.82549
     1.8257
    1.83099
     1.8312
    1.83641
    1.83663
    1.84177
    1.84199
    1.84705
    1.84727
    1.85226
    1.85248
     1.8574
    1.85762
    1.86246
    1.86269
    1.86745
    1.86768
    1.87236
     1.8726
     1.8772
    1.87744
    1.88197
    1.88221
    1.88666
     1.8869
    1.89127
    1.89152
    1.89581
    1.89606
    1.90028
    1.90053
    1.90466
    1.90492
    1.90898
    1.90923
    1.91321
    1.91347
    1.91736
    1.91763
    1.92144
    1.92171
    1.92544
    1.92572
    1.92936
    1.92964
     1.9332
    1.93349
    1.93697
    1.93725
    1.94065
    1.94094
    1.94425
    1.94454
    1.94777
    1.94807
    1.95121
    1.95151
    1.95456
    1.95487
    1.95783
    1.95815
    1.96102
    1.96134
    1.96412
    1.96445
    1.96714
    1.96747
    1.97007
     1.9704
    1.97291
    1.97325
    1.97565
      1.976
    1.97831
    1.97867
    1.98087
    1.98123
    1.98334
    1.98371
     1.9857
    1.98608
    1.98797
    1.98834
    1.99012
     1.9905
    1.99216
    1.99255
    1.99407
    1.99447
    1.99585
    1.99625
    1.99747
    1.99788
     1.9989
    1.99931
    2.00006
    2.00056
    2.00124
    2.00194
    2.00271
    2.00352
    2.00437
    2.00527
     2.0062
    2.00717
    2.00818
    2.00922
     2.0103
    2.01141
    2.01255
    2.01373
    2.01494
    2.01619
    2.01747
    2.01879
    2.02014
    2.02152
    2.02295
    2.02441
    2.02591
    2.02745
    2.02904
    2.03066
    2.03233
    2.03405
    2.03581
    2.03763
     2.0395
    2.04142
    2.04341
    2.04545
    2.04757
    2.04976
    2.05203
    2.05438
    2.05683
    2.05938
    2.06206
    2.06487
    2.06784
    2.07099
    2.07438
    2.07806
    2.08214
    2.08682
    2.09262